polynesia_node={
	location=1697
	color={
		220 138 57 
	}
	outgoing={
		name="nippon"
		path={
			1697 1376 
		}
		control={
			114.000000 1303.000000 78.000000 1302.000000 36.000000 1307.000000 5595.000000 1314.000000 5479.000000 1322.000000 5339.000000 1331.000000 5237.000000 1341.000000 5144.000000 1352.000000 5047.000000 1359.000000 4923.000000 1353.000000 4820.000000 1370.000000 4741.000000 1414.000000 4703.000000 1456.000000 4675.000000 1489.000000 4661.000000 1516.000000 4658.000000 1539.000000 
		}
	}
	outgoing={
		name="australia"
		path={
			1697 1411 
		}
		control={
			45.000000 1189.000000 13.000000 983.000000 5546.000000 891.000000 5466.000000 788.000000 5366.000000 734.000000 5307.000000 627.000000 5216.000000 574.000000 5117.000000 585.000000 
		}
	}
	outgoing={
		name="panama"
		path={
			1697 835 
		}
		control={
			214.000000 1174.000000 264.000000 1121.000000 389.000000 1098.000000 543.000000 1093.000000 740.000000 1124.000000 908.000000 1118.000000 1042.000000 1074.000000 1118.000000 1049.000000 1241.000000 1035.000000 1322.000000 1049.000000 1380.000000 1085.000000 
		}
	}
	outgoing={
		name="acapulco"
		path={
			1697 1551 
		}
		control={
			239.000000 1212.000000 392.000000 1164.000000 574.000000 1162.000000 718.000000 1208.000000 807.000000 1220.000000 905.000000 1231.000000 
		}
	}
	outgoing={
		name="california"
		path={
			1556 
		}
		control={
			186.000000 1322.000000 214.000000 1334.000000 233.179993 1316.040039 304.000000 1323.000000 406.000000 1355.000000 525.000000 1409.000000 617.000000 1477.000000 684.000000 1553.000000 
		}
	}
	outgoing={
		name="philippines"
		path={
			1697 1395 
		}
		control={
			25.000000 1203.000000 5557.000000 1095.000000 5443.000000 1034.000000 5278.000000 1009.000000 5097.000000 1023.000000 4899.000000 1062.000000 4792.000000 1044.000000 4699.000000 1051.000000 4612.000000 1086.000000 4555.000000 1100.000000 4531.000000 1119.000000 4537.000000 1159.000000 4527.000000 1197.000000 
		}
	}
	outgoing={
		name="hangzhou"
		path={
			1697 684 
		}
		control={
			152.000000 1309.000000 5751.370117 1243.640015 5699.459961 1196.770020 5595.000000 1193.000000 5464.000000 1203.000000 5356.000000 1212.000000 5235.000000 1224.000000 5130.000000 1235.000000 5026.000000 1241.000000 4916.000000 1236.000000 4819.000000 1254.000000 4732.000000 1287.000000 4646.000000 1341.000000 4610.000000 1375.000000 4583.000000 1416.000000 4569.000000 1456.000000 4557.000000 1483.000000 
		}
	}
	members={
		1697 1240 1997 4934 4935 4936 1243 1989 1990 1992 1241 1244 1987 1988 6737 
	}
	ai_will_propagate_through_trade=yes
}
white_sea={
	location=1652
	color={
		210 46 28 
	}
	outgoing={
		name="north_sea"
		path={
			1263 1264 1265 1929 1266 1975 
		}
		control={
			3290.000000 2220.000000 3083.000000 2294.000000 2850.000000 2253.000000 2675.000000 2069.000000 
		}
	}
	outgoing={
		name="novgorod"
		path={
			1955 1755 4262 314 312 309 1961 310 
		}
		control={
			3246.000000 2155.000000 3301.000000 2078.000000 3231.000000 2037.000000 3171.000000 2017.000000 
		}
	}
	members={
		1652 315 1777 1963 2426 4151 1755 1955 4256 4257 1776 1958 4258 314 4262 4263 4259 312 4261 
	}
}
african_great_lakes={
	location=4064
	color={
		57 168 220 
	}
	inland=yes
	outgoing={
		name="zanzibar"
		path={
			1202 
		}
		control={
			3161.000000 1015.000000 3190.000000 1038.000000 3215.000000 1039.000000 3233.000000 1027.000000 3262.000000 1004.000000 3279.000000 964.000000 3268.000000 938.000000 
		}
	}
	outgoing={
		name="kongo"
		path={
			4063 4070 4099 
		}
		control={
			3132.000000 1008.000000 3117.000000 1010.000000 3098.000000 1000.000000 3093.000000 979.000000 3088.000000 966.000000 3093.000000 952.000000 3100.000000 917.000000 3088.000000 915.000000 3080.000000 914.000000 3071.000000 916.000000 3064.000000 913.000000 3058.000000 916.000000 3058.000000 902.000000 3060.000000 895.000000 3055.000000 886.000000 3060.000000 881.000000 
		}
	}
	members={
		1649 1798 1925 4053 4061 4062 4063 4064 4065 4066 4067 4069 4070 4071 4074 4075 6169 6149 6147 6146 6145 6144 6157 6162 6155 6156 6158 6159 6171 6172 6173 6174 6175 6176 6177 6178 6179 6180 6181 6182 6241 6240 6239 6238 
	}
}
kongo={
	location=4097
	color={
		171 148 148 
	}
	inland=yes
	outgoing={
		name="ivory_coast"
		path={
			1170 1464 
		}
		control={
			2973.000000 899.000000 2911.000000 939.000000 2867.000000 931.000000 2826.000000 914.000000 2767.000000 996.000000 2741.000000 1031.000000 2712.000000 1046.000000 2663.000000 1057.000000 
		}
	}
	members={
		798 1170 1901 2948 2949 4081 4082 4083 4084 4085 4086 4087 4088 4089 4090 4091 4092 4093 4094 4095 4096 4107 4098 4100 4101 4103 4097 4099 4105 4109 4068 6247 6229 6228 6236 6237 6227 6233 6234 6235 6244 6230 6221 
	}
}
zambezi={
	location=1191
	color={
		32 164 51 
	}
	inland=yes
	outgoing={
		name="zanzibar"
		path={
			1192 1195 1196 
		}
		control={
			3171.000000 743.000000 3181.000000 739.000000 3186.000000 730.000000 3192.000000 724.000000 3202.000000 716.000000 3204.000000 708.000000 3217.000000 704.000000 3251.000000 731.000000 3283.000000 789.000000 
		}
	}
	members={
		1184 1185 1187 1188 1189 1190 1191 2950 2951 2952 4034 4037 4038 4039 4040 4045 4047 4048 4050 6203 6204 6200 6200 6201 6202 6207 6208 6212 6206 6215 6213 6214 
	}
}
amazonas_node={
	location=2935
	outgoing={
		name="brazil"
		path={
			1529 1530 1531 
		}
		control={
			1875.000000 1005.000000 1942.000000 1000.000000 2106.000000 919.000000 
		}
	}
	outgoing={
		name="carribean_trade"
		path={
			1529 1528 1576 1522 1520 1519 1517 1516 
		}
		control={
			1842.000000 1006.000000 1876.000000 1052.000000 1836.000000 1119.000000 1618.000000 1205.000000 
		}
	}
	members={
		1802 1803 2929 2930 2931 2933 2934 2935 2889 2937 2938 2804 2811 742 744 2810 747 748 749 2890 2923 2924 2926 2927 2928 745 746 2936 834 743 2803 752 2886 2925 6489 
	}
}
california={
	location=1556
	outgoing={
		name="acapulco"
		path={
			1555 1554 1552 1551 
		}
		control={
			787.000000 1476.000000 917.000000 1324.000000 
		}
	}
	outgoing={
		name="mississippi_river"
		path={
			1557 872 873 2019 2020 2006 2008 903 902 900 895 2014 893 1507 
		}
		control={
			730.000000 1642.000000 711.000000 1705.000000 714.000000 1751.000000 772.000000 1763.000000 783.000000 1775.000000 793.000000 1774.000000 798.000000 1776.000000 804.000000 1770.000000 807.000000 1763.000000 813.000000 1758.000000 804.000000 1739.000000 808.000000 1735.000000 808.000000 1728.000000 810.000000 1726.000000 815.000000 1725.000000 820.000000 1723.000000 825.000000 1722.000000 829.000000 1718.000000 840.000000 1707.000000 852.000000 1703.000000 859.000000 1703.000000 861.000000 1706.000000 868.000000 1706.000000 875.000000 1713.000000 884.000000 1720.000000 884.000000 1724.000000 893.000000 1721.000000 897.000000 1717.000000 901.000000 1715.000000 914.000000 1711.000000 917.000000 1703.000000 936.000000 1700.000000 946.000000 1703.000000 959.000000 1702.000000 965.000000 1702.000000 971.000000 1708.000000 980.000000 1709.000000 991.000000 1706.000000 997.000000 1699.000000 1007.000000 1695.000000 1019.000000 1689.000000 1028.000000 1686.000000 1036.000000 1682.000000 1049.000000 1680.000000 1063.000000 1679.000000 1086.109985 1661.199951 1104.000000 1658.000000 1113.000000 1649.000000 1150.000000 1640.000000 1178.000000 1644.000000 1196.000000 1630.000000 1217.000000 1630.000000 1236.000000 1602.000000 1228.000000 1579.000000 1212.000000 1546.000000 1214.000000 1523.000000 1206.000000 1501.000000 1217.000000 1488.000000 1240.000000 1488.000000 
		}
	}
	outgoing={
		name="okhotsk"
		path={
			1557 1684 1686 1685 1683 1668 1441 1385 1383 1384 
		}
		control={
			665.000000 1675.000000 618.000000 1844.000000 309.000000 1970.000000 17.000000 1882.000000 5244.000000 1827.000000 5020.000000 1855.000000 
		}
	}
	outgoing={
		name="nippon"
		path={
			1687 1693 1699 1714 1670 1669 4224 1391 1390 1376 
		}
		control={
			572.000000 1532.000000 384.000000 1469.000000 102.000000 1429.000000 5508.000000 1438.000000 5327.000000 1441.000000 5073.000000 1465.000000 4896.000000 1451.000000 4823.799805 1462.900024 4782.000000 1503.000000 4714.000000 1524.000000 4698.000000 1549.000000 4676.000000 1555.000000 
		}
	}
	outgoing={
		name="hangzhou"
		path={
			1687 1693 1699 1714 1672 1671 1439 1437 1392 1389 1373 
		}
		control={
			597.000000 1505.000000 376.000000 1403.000000 5727.149902 1362.290039 5501.000000 1369.000000 5319.000000 1372.000000 5063.000000 1395.000000 4891.000000 1387.000000 4800.000000 1416.000000 4749.000000 1469.000000 4695.000000 1486.000000 4616.000000 1492.000000 4561.000000 1495.000000 
		}
	}
	outgoing={
		name="rio_grande"
		path={
			4637 870 2478 4635 867 876 877 879 2492 881 863 864 4606 2667 2499 
		}
		control={
			731.000000 1624.000000 738.000000 1621.000000 744.000000 1612.000000 751.000000 1606.000000 754.000000 1601.000000 768.000000 1601.000000 778.000000 1578.000000 783.000000 1559.000000 809.000000 1550.000000 819.000000 1531.000000 830.000000 1523.000000 838.000000 1526.000000 845.000000 1533.000000 853.000000 1533.000000 863.000000 1537.000000 868.000000 1539.000000 872.000000 1538.000000 873.000000 1542.000000 878.000000 1543.000000 886.000000 1539.000000 893.000000 1537.000000 898.000000 1539.000000 903.000000 1537.000000 908.000000 1539.000000 915.000000 1538.000000 922.000000 1534.000000 931.000000 1540.000000 956.000000 1534.000000 966.000000 1524.000000 974.000000 1512.000000 987.000000 1502.000000 997.000000 1494.000000 998.000000 1485.000000 1009.000000 1475.000000 1019.000000 1470.000000 1025.000000 1472.000000 1033.000000 1482.000000 1044.000000 1483.000000 1050.000000 1482.000000 1054.000000 1477.000000 1061.000000 1471.000000 1066.000000 1461.000000 1072.000000 1453.000000 1075.000000 1448.000000 1080.000000 1445.000000 1083.000000 1435.000000 
		}
	}
	members={
		855 859 860 862 865 866 867 868 869 870 871 872 873 874 875 876 877 878 879 880 881 972 973 974 975 976 977 978 979 1556 1808 1997 2003 2019 2020 2021 2022 2476 2477 2478 2479 2480 2481 2482 2483 2484 2485 2486 2487 2488 2489 2490 2491 2492 2493 2494 2495 2603 2604 2605 2506 2607 2609 2610 2611 2612 2613 2616 2617 2620 4577 4578 4635 4637 4638 4647 4648 4649 4650 6582 6599 4631 4632 
	}
}
rio_grande={
	location=2499
	outgoing={
		name="mississippi_river"
		path={
			1508 1507 
		}
		control={
			1171.000000 1476.000000 1221.000000 1462.000000 
		}
	}
	outgoing={
		name="mexico"
		path={
			1509 
		}
		control={
			1136.000000 1407.000000 
		}
	}
	members={
		863 864 2498 2618 861 2614 2619 2666 2667 2499 2668 882 885 2496 2497 883 886 887 2500 884 888 2665 2669 4606 4646 6602 6611 
	}
}
okhotsk={
	location=1384
	color={
		75 39 177 
	}
	outgoing={
		name="girin"
		path={
			1379 1386 4226 1378 2106 2108 730 
		}
		control={
			4860.000000 1931.000000 4835.000000 1766.000000 4723.000000 1679.000000 4700.000000 1718.000000 4670.000000 1718.000000 4641.000000 1728.000000 
		}
	}
	outgoing={
		name="mongolia"
		path={
			1047 1052 2446 1058 1057 4220 2116 
		}
		control={
			4775.000000 1961.000000 4712.000000 1913.000000 4622.000000 1932.000000 4514.000000 1908.000000 4446.000000 1857.000000 4410.000000 1849.000000 4373.240234 1816.069946 4324.000000 1813.000000 
		}
	}
	members={
		1031 1032 1033 1034 1035 1036 1037 1038 1039 1040 1041 1043 1044 1045 1046 1047 1051 1052 1054 1384 1847 1852 2435 2439 2440 4193 4658 3314 3315 3136 3146 3134 
	}
}
girin={
	location=730
	color={
		41 82 45 
	}
	outgoing={
		name="beijing"
		path={
			2110 726 704 1816 
		}
		control={
			4610.000000 1701.000000 4590.000000 1693.000000 4572.000000 1693.000000 4559.000000 1678.000000 4541.000000 1675.000000 4532.000000 1658.000000 
		}
	}
	outgoing={
		name="nippon"
		path={
			732 1377 1376 
		}
		control={
			4627.000000 1696.000000 4616.000000 1672.000000 4607.000000 1650.000000 4608.000000 1641.000000 4623.000000 1637.000000 4621.000000 1630.000000 4625.000000 1624.000000 4619.000000 1619.000000 4622.000000 1616.000000 4628.000000 1616.000000 4635.000000 1606.000000 4634.000000 1595.000000 4642.000000 1592.000000 4645.000000 1585.000000 4645.000000 1578.000000 4653.000000 1576.000000 4653.000000 1570.000000 4663.000000 1569.000000 
		}
	}
	members={
		1850 1049 2107 2108 2111 2106 2186 2102 2104 1053 2103 1783 2742 2743 2744 730 2110 2188 4201 1048 1050 4214 4216 729 731 2105 4215 4217 722 2109 2187 4202 724 725 4218 727 728 2185 4200 4655 4656 4657 4659 4660 4661 4662 4653 4663 4664 4665 4674 4675 3124 3125 3126 3127 4666 6846 6847 6848 6849 6850 6851 
	}
}
mississippi_river={
	location=1507
	outgoing={
		name="carribean_trade"
		path={
			1506 1505 1525 1516 
		}
		control={
			1252.000000 1375.000000 1418.000000 1314.000000 
		}
	}
	outgoing={
		name="ohio"
		path={
			921 2528 939 
		}
		control={
			1260.000000 1482.000000 1259.000000 1497.000000 1261.000000 1502.000000 1260.000000 1505.000000 1261.000000 1508.000000 1261.000000 1512.000000 1257.000000 1517.000000 1260.000000 1524.000000 1260.000000 1527.000000 1262.000000 1531.000000 1259.000000 1532.000000 1256.000000 1540.000000 1252.000000 1551.000000 1260.000000 1566.000000 1256.000000 1574.000000 1260.000000 1580.000000 1259.000000 1584.000000 1261.000000 1588.000000 1259.000000 1597.000000 1258.000000 1602.000000 1253.000000 1608.000000 1255.000000 1613.000000 1258.000000 1615.000000 1260.000000 1620.000000 1266.000000 1622.000000 1273.000000 1620.000000 1278.000000 1623.000000 1282.000000 1621.000000 1286.000000 1625.000000 1291.000000 1623.000000 1297.000000 1629.000000 1303.000000 1636.000000 1308.000000 1630.000000 1309.000000 1625.000000 1313.000000 1620.000000 1319.000000 1622.000000 1325.000000 1618.000000 
		}
	}
	members={
		893 2014 2516 900 902 2513 2514 894 895 897 924 2531 2532 919 920 2528 2529 918 934 2527 899 2515 889 890 2625 891 892 896 898 903 921 922 923 2530 2533 905 907 909 2007 1809 2008 904 908 2512 1507 935 2004 2006 2501 2502 2503 6612 6613 4914 6615 6617 2540 6619 
	}
}
ohio={
	location=2526
	color={
		129 214 238 
	}
	inland=yes
	outgoing={
		name="chesapeake_bay"
		path={
			948 
		}
		control={
			1352.000000 1621.000000 1369.000000 1625.000000 1389.000000 1621.000000 1396.000000 1636.000000 1400.000000 1641.000000 1404.000000 1645.000000 1409.000000 1650.000000 1415.000000 1653.000000 1423.000000 1645.000000 1429.000000 1639.000000 1427.000000 1629.000000 1432.000000 1629.000000 1433.000000 1627.000000 1446.000000 1620.000000 1445.000000 1608.000000 1451.000000 1604.000000 1467.000000 1607.000000 
		}
	}
	outgoing={
		name="st_lawrence"
		path={
			946 991 
		}
		control={
			1344.000000 1630.000000 1349.000000 1632.000000 1351.000000 1637.000000 1353.000000 1641.000000 1357.000000 1641.000000 1362.000000 1648.000000 1367.000000 1648.000000 1373.000000 1655.000000 1376.000000 1664.000000 1375.000000 1669.000000 1380.000000 1670.000000 1386.000000 1666.000000 1394.000000 1673.000000 1405.000000 1674.000000 1412.000000 1677.000000 1416.000000 1678.000000 1421.000000 1682.000000 1425.000000 1678.000000 1433.000000 1680.000000 1434.000000 1675.000000 1444.000000 1677.000000 1452.000000 1681.000000 1462.000000 1677.000000 1467.000000 1682.000000 1479.000000 1683.000000 1481.000000 1679.000000 1477.000000 1671.000000 1491.000000 1667.000000 1578.000000 1686.000000 1653.000000 1718.000000 1708.000000 1767.000000 
		}
	}
	members={
		987 989 2585 2670 988 2586 2587 2588 2593 2671 991 1001 1007 2015 910 911 2517 2518 912 913 914 915 916 917 2519 2520 944 945 2521 2522 942 943 2523 2524 946 947 948 2525 969 2559 2563 2526 939 940 941 6625 6935 6938 
	}
}
australia={
	location=1411
	outgoing={
		name="the_moluccas"
		path={
			1411 1407 1410 1409 1401 1357 
		}
		control={
			4894.000000 841.000000 4731.000000 853.000000 4686.000000 918.000000 4595.000000 910.000000 
		}
	}
	members={
		1085 1086 1087 1088 1089 1090 1091 1092 1093 1106 1107 1108 1109 1236 1237 1242 1246 1239 1238 1094 1084 1412 1986 2719 2720 2721 2722 2726 2727 2728 2729 2730 2731 2732 2733 2734 2735 2736 2737 2738 2739 1411 3088 3089 4865 4867 3092 6736 4938 4937 1991 1243 
	}
}
acapulco={
	location=1551
	color={
		214 77 123 
	}
	outgoing={
		name="panama"
		path={
			1550 1549 1548 835 
		}
		control={
			1126.000000 1240.000000 1165.000000 1245.000000 1204.000000 1216.000000 1260.000000 1203.000000 1290.000000 1154.000000 1325.000000 1123.000000 1381.109985 1113.599976 
		}
	}
	outgoing={
		name="nippon"
		path={
			1552 1554 1694 1693 1692 1601 1670 1669 1440 1391 1390 1376 
		}
		control={
			904.000000 1240.000000 708.000000 1226.000000 590.000000 1194.000000 459.000000 1190.000000 299.000000 1211.000000 211.000000 1259.000000 5718.029785 1279.439941 5327.000000 1311.000000 5165.000000 1328.000000 5065.000000 1337.000000 4881.000000 1335.000000 4753.000000 1377.000000 4678.000000 1480.000000 4642.000000 1523.000000 
		}
	}
	outgoing={
		name="hangzhou"
		path={
			1701 1707 1716 1715 1699 1697 1692 1672 1671 1439 1437 1392 1373 
		}
		control={
			906.000000 1223.000000 730.000000 1194.000000 555.000000 1134.000000 260.000000 1155.000000 70.000000 1216.000000 5294.000000 1249.000000 5068.000000 1270.000000 4872.000000 1273.000000 4715.000000 1329.000000 4614.000000 1413.000000 4566.000000 1484.000000 
		}
	}
	outgoing={
		name="mexico"
		path={
			849 4581 4571 852 853 2642 2641 1509 
		}
		control={
			1082.000000 1314.000000 1096.000000 1350.000000 1111.000000 1361.000000 
		}
	}
	outgoing={
		name="philippines"
		path={
			1395 
		}
		control={
			908.000000 1213.000000 738.000000 1182.000000 623.000000 1125.000000 510.000000 1104.000000 400.000000 1069.000000 256.000000 1066.000000 70.000000 1123.000000 5399.000000 1152.000000 5214.000000 1170.000000 5061.000000 1185.000000 4891.000000 1183.000000 4756.000000 1223.000000 4635.000000 1282.000000 4553.000000 1317.000000 4513.000000 1304.000000 
		}
	}
	members={
		841 844 847 849 851 854 1551 2621 2622 2623 2624 2627 2629 2638 2643 2645 2648 2649 2653 2657 4573 4574 4575 4576 4579 4580 4581 4584 4587 4640 6592 6593 6591 4645 6581 6580 6579 6590 6577 6576 6569 6567 6587 2635 6566 6562 6778 6781 6782 6783 6784 
	}
}
mexico={
	location=1509
	color={
		0 176 0 
	}
	outgoing={
		name="carribean_trade"
		path={
			1511 1512 1518 1516 1516 
		}
		control={
			1243.000000 1366.000000 1298.000000 1341.000000 1416.000000 1272.000000 
		}
	}
	members={
		843 845 846 848 850 852 853 856 857 2615 2626 2628 2630 2632 2633 2634 2635 2636 2641 2642 2644 2646 2647 2650 2651 2652 4570 4582 4585 4586 4588 4589 4590 4591 4594 4598 4641 4642 4643 1509 858 6578 6583 6585 6570 6568 6571 4571 4572 6572 6561 6559 6558 6563 6770 6771 6772 6773 6774 6775 6776 6777 6779 6780 6785 6786 6787 6788 6789 
	}
}
beijing={
	location=4233
	outgoing={
		name="xian"
		path={
			1816 1375 2138 691 2140 2137 692 1836 700 
		}
		control={
			4490.000000 1635.000000 4468.000000 1645.000000 4455.000000 1633.000000 4451.000000 1597.000000 4429.000000 1586.000000 4424.000000 1580.000000 4414.000000 1576.000000 4398.000000 1574.000000 4386.000000 1573.000000 4379.000000 1569.000000 4368.000000 1567.000000 4355.000000 1565.000000 
		}
	}
	outgoing={
		name="mongolia"
		path={
			695 696 697 701 709 707 
		}
		control={
			4490.000000 1662.000000 4442.000000 1666.000000 4386.000000 1662.000000 4297.000000 1769.000000 
		}
	}
	outgoing={
		name="hangzhou"
		path={
			1375 1374 1373 684 
		}
		control={
			4562.000000 1611.000000 4583.000000 1519.000000 
		}
	}
	outgoing={
		name="nippon"
		path={
			4233 
		}
		control={
			4560.000000 1622.000000 4584.000000 1585.000000 4602.000000 1551.000000 4641.000000 1547.000000 
		}
	}
	members={
		690 691 2138 2139 2140 1816 4194 695 696 2137 4195 704 726 2112 2113 4233 4652 3253 3190 3191 3212 3213 3214 3196 3211 3197 3195 3194 3192 3282 3193 3283 3281 3093 3128 6844 6845 
	}
}
mongolia={
	location=2116
	color={
		197 144 8 
	}
	inland=yes
	outgoing={
		name="siberia"
		path={
			1060 1062 2432 1064 
		}
		control={
			4191.000000 1849.000000 4076.000000 1878.000000 4062.000000 1940.000000 
		}
	}
	outgoing={
		name="xian"
		path={
			1060 1062 2432 1064 
		}
		control={
			4284.000000 1779.000000 4305.000000 1731.000000 4319.000000 1686.000000 4327.000000 1675.000000 4344.000000 1667.000000 4361.000000 1667.000000 4379.000000 1660.000000 4376.000000 1647.000000 4366.000000 1627.000000 4368.000000 1615.000000 4362.000000 1604.000000 4365.000000 1597.000000 4363.000000 1593.000000 4366.000000 1586.000000 4365.000000 1579.000000 4360.000000 1571.000000 
		}
	}
	members={
		719 2189 2190 717 721 2116 4219 4220 720 2193 4221 718 4222 4673 4667 723 4669 4668 4681 4682 4678 4677 4680 1055 1056 1057 1058 2446 2191 709 4223 701 4676 4670 2747 2114 702 4671 4679 707 2136 3129 4203 4672 2115 703 2117 
	}
}
xian={
	location=700
	inland=yes
	outgoing={
		name="hangzhou"
		path={
			2171 682 4197 1838 1821 2145 1822 1373 684 
		}
		control={
			4362.000000 1564.000000 4380.000000 1567.000000 4388.000000 1572.000000 4401.000000 1567.000000 4413.000000 1570.000000 4425.000000 1569.000000 4435.000000 1570.000000 4444.000000 1567.000000 4452.000000 1567.000000 4458.000000 1563.000000 4468.000000 1561.000000 4475.000000 1558.000000 4483.000000 1556.000000 4492.000000 1550.000000 4501.000000 1547.000000 4511.000000 1553.000000 4528.000000 1557.000000 4563.000000 1520.000000 4546.000000 1503.000000 
		}
	}
	outgoing={
		name="yarkand"
		path={
			4198 2180 699 2182 708 707 2123 711 710 
		}
		control={
			4282.000000 1572.000000 4251.000000 1589.000000 4216.000000 1633.000000 4109.000000 1661.000000 4010.000000 1635.000000 3933.000000 1603.000000 3863.000000 1610.000000 
		}
	}
	outgoing={
		name="chengdu"
		path={
			689 2169 679 
		}
		control={
			4336.000000 1530.000000 4323.000000 1540.000000 4294.000000 1531.000000 4290.000000 1520.000000 4299.000000 1503.000000 
		}
	}
	members={
		687 1836 2181 2180 698 699 688 692 2175 2176 689 700 2179 4198 2182 708 707 3278 3228 3229 3236 3258 3226 3259 3225 3223 3222 3224 3221 3198 3523 693 694 697 2177 3215 3216 3217 6723 6724 6725 6726 6727 6728 6729 6730 
	}
}
chengdu={
	location=679
	color={
		250 225 44 
	}
	inland=yes
	outgoing={
		name="lhasa"
		path={
			2170 2135 2133 705 4205 677 
		}
		control={
			4262.000000 1487.000000 4256.000000 1477.000000 4238.000000 1474.000000 4233.000000 1448.000000 4224.000000 1427.000000 4210.000000 1425.000000 4208.000000 1450.000000 4190.000000 1457.000000 4175.000000 1467.000000 4157.000000 1490.000000 4116.000000 1504.000000 
		}
	}
	outgoing={
		name="burma"
		path={
			675 2167 2166 583 2400 
		}
		control={
			4272.000000 1468.000000 4259.000000 1461.000000 4242.000000 1437.000000 4245.000000 1422.000000 4219.000000 1393.000000 4225.000000 1369.000000 4216.000000 1349.000000 4198.000000 1331.000000 4178.000000 1326.000000 4147.000000 1318.000000 
		}
	}
	outgoing={
		name="canton"
		path={
			680 681 2172 671 2174 2158 667 1371 
		}
		control={
			4290.000000 1483.000000 4305.000000 1479.000000 4311.000000 1481.000000 4315.000000 1480.000000 4319.000000 1483.000000 4327.000000 1490.000000 4331.000000 1494.000000 4339.000000 1501.000000 4353.000000 1502.000000 4364.000000 1502.000000 4372.000000 1499.000000 4380.000000 1491.000000 4392.000000 1488.000000 4394.000000 1484.000000 4404.000000 1479.000000 4400.000000 1468.000000 4402.000000 1457.000000 4402.000000 1451.000000 4405.000000 1450.000000 4405.000000 1444.000000 4402.000000 1443.000000 4402.000000 1439.000000 4398.000000 1435.000000 4398.000000 1430.000000 4405.000000 1422.000000 4394.000000 1411.000000 4407.000000 1407.000000 4410.000000 1403.000000 4413.000000 1398.000000 4407.000000 1385.000000 4402.000000 1379.000000 4401.000000 1374.000000 4413.000000 1369.000000 
		}
	}
	outgoing={
		name="hangzhou"
		path={
			680 681 2172 682 4197 686 1838 1821 2145 1822 684 
		}
		control={
			4301.000000 1483.000000 4320.000000 1488.000000 4327.000000 1496.000000 4334.000000 1503.000000 4346.000000 1504.000000 4353.000000 1505.000000 4366.000000 1504.000000 4376.000000 1500.000000 4385.000000 1493.000000 4400.000000 1495.000000 4411.000000 1493.000000 4416.000000 1497.000000 4424.000000 1497.000000 4430.000000 1498.000000 4432.000000 1494.000000 4437.000000 1492.000000 4437.000000 1490.000000 4441.000000 1487.000000 4442.000000 1485.000000 4447.000000 1484.000000 4453.000000 1483.000000 4462.000000 1488.000000 4467.000000 1495.000000 4473.000000 1499.000000 4478.000000 1502.000000 4479.000000 1505.000000 4483.000000 1506.000000 4484.000000 1508.000000 4487.000000 1508.000000 4490.000000 1516.000000 4494.000000 1523.000000 4500.000000 1524.000000 4503.000000 1523.000000 4505.000000 1524.000000 4508.000000 1523.000000 4510.000000 1525.000000 4513.000000 1520.000000 4516.000000 1519.000000 4519.000000 1520.000000 4524.000000 1521.000000 4527.000000 1517.000000 4535.000000 1513.000000 4535.000000 1504.000000 
		}
	}
	members={
		679 2167 660 661 2165 2166 680 4212 2169 4211 675 2168 2748 4213 662 663 673 674 4199 671 672 2173 2174 681 2171 2172 682 4197 3287 3286 3285 3284 3288 3289 3256 3257 3272 3273 3275 3274 3276 3277 3233 3234 3235 3232 3230 3220 3231 3260 3251 3252 3227 6638 6640 6641 6650 6651 6652 6653 6654 6655 6656 6657 6658 6659 6660 6835 6837 
	}
}
lhasa={
	location=677
	inland=yes
	outgoing={
		name="lahore"
		path={
			2128 2074 508 
		}
		control={
			3970.000000 1476.000000 3911.000000 1503.000000 3871.000000 1519.000000 3839.000000 1508.000000 
		}
	}
	outgoing={
		name="ganges_delta"
		path={
			562 4479 
		}
		control={
			4060.000000 1452.000000 4051.000000 1428.000000 4041.000000 1416.000000 4041.000000 1390.000000 4029.000000 1375.000000 4024.000000 1359.000000 
		}
	}
	members={
		2128 676 554 705 706 2134 4204 677 2130 4205 565 4481 4482 557 2070 2071 4483 4485 4514 4515 4516 4517 4518 4519 4520 3290 3396 3524 3525 3521 554 4492 4491 4484 2069 511 3427 4493 509 3426 2131 2132 2133 2135 6639 2073 2074 6745 6790 6792 6799 6800 678 2170 3397 6801 6803 2183 2184 6804 6836 508 3455 3457 4449 3456 3458 6791 
	}
}
burma={
	location=584
	color={
		35 229 76 
	}
	inland=yes
	outgoing={
		name="ganges_delta"
		path={
			4396 1815 
		}
		control={
			4145.000000 1281.000000 4145.100098 1236.569946 4107.000000 1240.000000 4088.000000 1277.000000 
		}
	}
	outgoing={
		name="gulf_of_siam"
		path={
			4395 585 590 589 602 601 2389 600 1365 
		}
		control={
			4153.000000 1279.000000 4189.000000 1269.000000 4205.000000 1215.000000 
		}
	}
	members={
		570 573 2041 584 2399 581 2398 580 4393 2397 566 571 2040 4440 4394 4396 585 4395 583 588 2400 4397 4406 587 2401 4398 582 2395 2396 4404 4405 2091 3383 3380 3379 3381 3382 
	}
}
yarkand={
	location=2124
	color={
		51 68 70 
	}
	inland=yes
	outgoing={
		name="samarkand"
		path={
			739 2127 458 1967 454 
		}
		control={
			3823.000000 1652.000000 
		}
	}
	outgoing={
		name="kabul"
		path={
			2124 451 
		}
		control={
			3814.000000 1637.000000 3780.000000 1616.000000 3732.000000 1600.000000 3717.000000 1586.000000 
		}
	}
	members={
		4206 2122 713 4207 715 4208 2192 2121 712 4209 739 4210 2124 710 2123 711 4683 4693 1786 1784 
	}
}
siberia={
	location=1064
	inland=yes
	outgoing={
		name="kazan"
		path={
			1062 1064 480 479 472 475 1082 
		}
		control={
			3945.000000 1993.000000 3753.000000 2066.000000 3636.370117 1922.530029 3562.000000 1926.000000 3475.000000 1956.000000 
		}
	}
	outgoing={
		name="samarkand"
		path={
			480 478 477 1969 457 454 
		}
		control={
			3930.000000 1940.000000 3783.000000 1761.000000 3700.000000 1713.000000 3719.000000 1662.000000 
		}
	}
	members={
		1781 1071 1059 1061 1062 1063 1064 1067 1068 1070 1069 1073 1074 1080 1078 1075 1076 2427 2428 2429 2430 2431 2432 2433 2434 2436 2442 2443 2445 1072 1065 4688 4689 4690 1060 716 1066 2437 2438 1042 3154 3153 3152 3142 3148 3149 3147 3145 3186 3144 3143 3140 3141 3138 3135 3137 3151 
	}
}
hangzhou={
	location=684
	outgoing={
		name="canton"
		path={
			1824 1372 1371 
		}
		control={
			4513.000000 1487.000000 4521.000000 1488.000000 4526.000000 1486.000000 4534.000000 1488.000000 4540.000000 1483.000000 4546.000000 1477.000000 4551.000000 1459.000000 4534.000000 1427.000000 4478.000000 1364.000000 
		}
	}
	outgoing={
		name="nippon"
		path={
			684 1373 1389 
		}
		control={
			4562.000000 1501.000000 4615.000000 1520.000000 
		}
	}
	members={
		669 670 683 684 685 686 1821 1822 1824 1829 1833 1838 1897 2143 2144 2145 2146 2147 2148 2149 2150 2151 2152 2153 2141 2142 4196 2154 2155 738 3202 3204 3203 3201 3205 3206 3207 3208 3209 3210 3241 3242 3244 3245 3246 3199 3243 3200 3219 3218 3294 3295 3296 3323 3324 3366 3388 6661 6662 6663 6664 6665 6666 6667 6668 6669 6670 6671 6672 6673 6674 6675 6676 6677 6678 6679 6680 6681 6682 6683 6684 6685 6686 6687 6688 6689 6690 6691 6692 6693 6694 6695 6707 6708 6709 6710 6711 6712 6713 6714 6715 
	}
}
nippon={
	location=1376
	outgoing={
		name="philippines"
		path={
			1395 
		}
		control={
			4626.000000 1511.000000 4615.000000 1429.000000 4583.000000 1354.000000 4494.000000 1338.000000 4484.000000 1282.000000 
		}
	}
	members={
		1376 1012 1014 1017 1018 1019 1020 1021 1023 1024 1025 1026 1027 1028 1029 1030 1818 1819 1820 1825 1830 1832 1835 1837 1839 1843 4131 4180 4181 4182 6731 4183 4184 4185 4186 4187 4188 4189 4190 4191 4192 1015 4359 4360 4651 1845 2744 4232 732 2742 2743 733 735 4230 4231 734 736 2694 2745 4227 737 1013 2741 4228 4229 3299 3298 3297 3322 3317 3313 3312 3311 3310 3320 3308 3321 3319 3318 3307 3306 3305 3309 3316 3304 3303 3325 3302 3301 3300 3326 3327 3328 3329 3330 3331 3332 3333 3334 3335 3392 3398 3104 3105 3107 3108 3109 3110 3111 3112 3114 3115 3116 3117 3118 3119 3120 3121 3122 3123 6646 6647 6648 6649 6793 6794 6795 6796 6797 6798 6802 6852 6853 6854 6855 6856 6857 6858 6859 6860 6861 6862 6863 
	}
}
the_moluccas={
	location=1357
	color={
		220 151 184 
	}
	outgoing={
		name="malacca"
		path={
			1358 1360 
		}
		control={
			4412.000000 906.000000 4340.000000 958.000000 4304.000000 1005.000000 
		}
	}
	outgoing={
		name="philippines"
		path={
			1399 1398 4357 1395 
		}
		control={
			4593.000000 948.000000 4598.000000 1007.000000 4606.000000 1074.000000 4530.000000 1111.000000 4517.000000 1175.000000 
		}
	}
	members={
		1357 646 2718 2724 1245 647 645 2717 648 649 650 2725 2696 2695 635 633 634 643 2713 2714 4796 2715 641 2716 632 631 2693 644 2723 3071 3072 3073 3074 3075 3076 3077 3078 3079 3080 4798 4797 4845 3067 3068 642 3070 3081 3082 3083 3084 3085 3086 3087 4795 
	}
	ai_will_propagate_through_trade=yes
}
canton={
	location=1371
	color={
		230 37 42 
	}
	outgoing={
		name="malacca"
		path={
			1394 1367 1362 1361 
		}
		control={
			4432.000000 1225.000000 4373.000000 1112.000000 4309.000000 1032.000000 
		}
	}
	outgoing={
		name="philippines"
		path={
			1394 1395 
		}
		control={
			4443.000000 1276.000000 
		}
	}
	outgoing={
		name="gulf_of_siam"
		path={
			1370 1369 1366 1364 1365 
		}
		control={
			4409.000000 1227.000000 4362.000000 1162.000000 4282.000000 1131.000000 
		}
	}
	members={
		2161 1371 610 613 616 664 665 666 667 668 1016 1840 2156 2157 2158 2159 2160 2162 2163 2164 2372 2373 1022 3270 4821 3268 3267 3263 3261 3262 3264 3265 3250 3254 3255 3291 3237 3238 3271 3239 3247 3248 3249 3292 3240 3293 3336 2371 3266 6716 6717 6718 6719 
	}
}
gulf_of_siam={
	location=1365
	color={
		84 152 93 
	}
	outgoing={
		name="malacca"
		path={
			1364 1362 1361 
		}
		control={
			4306.000000 1046.000000 
		}
	}
	members={
		592 600 601 602 603 604 605 609 4839 611 612 614 615 1817 1823 1844 2376 2377 2378 2379 2380 2381 2382 2383 2384 2385 2386 2387 2388 2389 591 2404 1365 589 3345 3337 3338 3339 4840 3344 3355 4829 3347 3353 3356 4826 3350 4825 4827 3348 4828 3357 6904 3378 3359 3361 4830 4831 4832 4834 4836 3372 3373 3371 3374 3375 3370 4835 3369 3367 4837 3279 4822 607 3343 2374 606 3340 2375 4823 4824 
	}
}
philippines={
	location=1395
	outgoing={
		name="panama"
		path={
			1403 1434 1676 1734 1735 1736 1740 1741 1711 1708 1702 1547 1548 835 
		}
		control={
			4533.000000 1328.000000 4841.000000 1216.000000 5072.000000 1212.000000 5317.000000 1188.000000 72.000000 1151.000000 258.000000 1089.000000 518.000000 1064.000000 744.000000 1095.000000 921.000000 1089.000000 1119.000000 1030.000000 1280.000000 1028.000000 1381.000000 1078.000000 
		}
	}
	outgoing={
		name="malacca"
		path={
			4357 1368 1363 1361 
		}
		control={
			4440.000000 1141.000000 4333.000000 1033.000000 4290.000000 1019.000000 
		}
	}
	members={
		2701 2702 4355 652 653 4354 654 2700 4351 4352 4353 651 655 4356 657 658 2698 4348 656 2697 2699 4349 4350 1235 1995 1996 1993 1994 1395 6871 
	}
	ai_will_propagate_through_trade=yes
}
malacca={
	location=1361
	color={
		250 112 15 
	}
	outgoing={
		name="ganges_delta"
		path={
			1348 1347 1345 1344 1343 
		}
		control={
			4251.000000 1028.000000 4223.000000 1046.000000 4203.000000 1077.000000 4168.000000 1114.000000 4110.000000 1151.000000 4093.000000 1233.000000 4082.000000 1273.000000 
		}
	}
	outgoing={
		name="ivory_coast"
		path={
			1352 1624 1623 1647 1630 1626 1459 
		}
		control={
			4267.000000 994.000000 4296.000000 988.000000 4308.000000 966.000000 4300.000000 929.000000 4257.000000 886.000000 4184.000000 944.000000 3990.000000 1105.000000 3787.000000 965.000000 3543.000000 656.000000 3335.000000 477.000000 3110.000000 370.000000 2944.000000 374.000000 2834.000000 459.000000 2812.000000 608.000000 2772.000000 722.000000 2793.000000 815.000000 2718.000000 1007.000000 
		}
	}
	outgoing={
		name="comorin_cape"
		path={
			1361 1340 
		}
		control={
			4250.000000 1026.000000 4219.000000 1043.000000 4198.000000 1072.000000 4159.000000 1104.000000 4107.000000 1103.000000 4036.000000 1122.000000 3962.000000 1116.000000 3899.000000 1084.000000 
		}
	}
	members={
		1361 593 594 595 596 597 598 599 617 4810 619 620 621 622 623 638 639 4802 659 2390 2391 2392 2393 2394 2673 2674 2675 2676 2677 2678 2679 2680 2681 2682 2683 2684 2685 2686 2706 2707 2708 2709 2710 2711 2712 3377 3376 4813 4812 3029 3028 4814 3032 3025 4815 3034 3047 3035 3048 3049 3036 3039 4817 3041 3040 3042 3043 3046 3045 3044 3062 640 3055 3050 3051 3052 3057 3053 3054 4801 3033 6733 6734 6735 4800 4804 2704 4805 3058 636 637 3060 2703 624 630 2687 3582 4790 625 2688 3583 3585 3586 4791 626 629 2689 4793 3588 4792 628 2692 3022 3023 3589 627 2691 4794 3024 3587 
	}
	ai_will_propagate_through_trade=yes
}
ganges_delta={
	location=1343
	outgoing={
		name="comorin_cape"
		path={
			1342 1341 1340 
		}
		control={
			3964.000000 1280.000000 3919.000000 1228.000000 3943.000000 1135.000000 3899.000000 1091.000000 
		}
	}
	outgoing={
		name="doab"
		path={
			1343 564 563 2044 558 2095 556 2063 
		}
		control={
			4009.000000 1407.000000 3917.000000 1410.000000 3880.000000 1443.000000 
		}
	}
	outgoing={
		name="deccan"
		path={
			4477 4471 560 4470 3453 553 4452 3446 4443 2050 2028 4438 
		}
		control={
			4014.000000 1360.000000 4013.000000 1367.000000 4012.000000 1373.000000 4003.000000 1377.000000 3993.000000 1382.000000 3976.000000 1382.000000 3959.000000 1375.000000 3967.000000 1365.000000 3955.000000 1352.000000 3942.000000 1350.000000 3925.000000 1350.000000 3918.000000 1350.000000 3909.000000 1346.000000 3901.000000 1336.000000 3882.000000 1336.000000 3886.000000 1329.000000 3884.000000 1321.000000 3874.000000 1308.000000 3859.000000 1304.000000 
		}
	}
	members={
		1343 553 2082 4447 4451 4452 547 2048 4445 4446 4448 561 2081 4476 4477 564 2039 4474 4475 4478 552 2038 2043 2049 4441 560 2096 4450 6744 4470 4471 562 2045 2046 4486 563 2044 4479 568 579 2402 586 590 1815 2403 4399 558 4469 4472 4489 2047 4487 4488 3384 3394 3387 3389 3393 3385 3386 3390 3391 3413 3414 3453 3454 3446 3481 3440 3480 2042 3095 3096 3097 3099 3100 3101 3102 3103 3133 2098 4473 3098 567 6746 6747 6748 6749 6750 6751 6752 6753 574 3403 
	}
}
doab={
	location=524
	color={
		236 162 19 
	}
	inland=yes
	outgoing={
		name="deccan"
		path={
			525 740 2057 
		}
		control={
			3854.290039 1383.119995 3829.000000 1342.000000 3855.000000 1314.000000 
		}
	}
	outgoing={
		name="lahore"
		path={
			522 2062 4411 
		}
		control={
			3850.000000 1484.000000 3818.000000 1502.000000 
		}
	}
	members={
		522 2060 2062 2061 4498 4499 519 520 2064 4500 523 2094 4494 4495 4497 555 2055 2095 4490 524 556 2063 4496 525 528 740 4464 4465 559 2059 4459 4466 4467 6905 2097 4468 3395 3448 3417 3522 3415 3416 3484 3485 3486 3419 3487 3488 3418 3489 3420 3421 3422 3424 3131 3130 3423 6525 6526 6528 
	}
}
lahore={
	location=507
	color={
		63 150 30 
	}
	inland=yes
	outgoing={
		name="gujarat"
		path={
			506 2072 
		}
		control={
			3800.000000 1501.000000 3794.000000 1495.000000 3782.000000 1488.000000 3762.000000 1479.000000 3747.000000 1475.000000 3730.000000 1461.000000 3713.000000 1450.000000 3701.000000 1438.000000 3698.000000 1425.000000 3706.000000 1416.000000 3703.000000 1405.000000 3698.000000 1396.000000 3695.000000 1389.000000 3693.000000 1372.000000 3727.000000 1334.000000 3748.000000 1327.000000 
		}
	}
	outgoing={
		name="kabul"
		path={
			507 451 
		}
		control={
			3781.000000 1509.000000 3763.000000 1522.000000 3764.000000 1550.000000 3737.000000 1561.000000 
		}
	}
	members={
		1787 2200 507 2075 2076 4510 4513 506 2079 2086 4508 4509 2077 4511 3431 3433 3461 3429 3428 3132 3425 3430 510 2065 6522 6523 6524 6527 6529 6530 6531 6536 6537 6538 512 513 514 2067 4411 4463 4506 4507 6539 6540 518 2058 2087 4462 4501 2066 4502 
	}
}
kabul={
	location=451
	color={
		255 223 15 
	}
	inland=yes
	outgoing={
		name="samarkand"
		path={
			451 450 453 454 
		}
		control={
			3711.000000 1588.000000 3714.000000 1596.000000 3707.000000 1605.000000 3700.000000 1604.000000 3694.000000 1609.000000 3689.000000 1608.000000 3685.000000 1611.000000 3669.000000 1613.000000 3669.000000 1636.000000 
		}
	}
	outgoing={
		name="persia"
		path={
			451 450 446 2221 2235 2214 
		}
		control={
			3701.000000 1562.000000 3685.000000 1557.000000 3669.000000 1564.000000 3645.000000 1561.000000 3622.000000 1558.000000 3604.000000 1559.000000 3592.000000 1567.000000 3594.000000 1584.000000 3570.000000 1594.000000 3553.000000 1606.000000 3535.000000 1615.000000 3525.000000 1617.000000 3518.000000 1620.000000 3499.000000 1621.000000 3487.000000 1604.000000 
		}
	}
	members={
		576 577 2068 3451 447 448 451 2226 3467 3468 578 2078 3432 3459 3460 449 2225 3462 3466 450 2227 2228 3463 3464 3465 452 2127 3526 
	}
}
deccan={
	location=1948
	color={
		241 13 61 
	}
	inland=yes
	outgoing={
		name="gujarat"
		path={
			4433 517 1337 
		}
		control={
			3830.000000 1328.000000 
		}
	}
	outgoing={
		name="comorin_cape"
		path={
			541 4422 4414 2026 
		}
		control={
			3863.000000 1281.000000 3871.000000 1280.000000 3880.000000 1277.000000 3882.000000 1270.000000 3889.000000 1269.000000 3897.000000 1265.000000 3901.000000 1259.000000 3902.000000 1247.000000 3898.000000 1210.000000 3889.000000 1171.000000 3871.000000 1135.000000 
		}
	}
	members={
		526 2057 2093 4461 550 551 2092 4458 4460 532 2033 4428 2028 4438 4444 542 2037 4436 6743 4439 527 4434 4453 569 1948 2035 4435 546 548 2050 4442 4443 1946 2034 4431 544 545 4432 4433 4437 3443 3444 3449 3442 3437 3441 3447 6548 6549 6550 6551 6552 6553 6554 6555 
	}
}
comorin_cape={
	location=1340
	color={
		13 255 179 
	}
	outgoing={
		name="gulf_of_aden"
		path={
			1615 1451 1331 
		}
		control={
			3770.000000 1148.000000 3705.000000 1338.000000 3570.000000 1258.000000 
		}
	}
	outgoing={
		name="gujarat"
		path={
			1339 2030 
		}
		control={
			3814.000000 1145.000000 3786.000000 1211.000000 3763.760010 1288.170044 
		}
	}
	outgoing={
		name="ivory_coast"
		path={
			1619 1621 1636 1626 1459 
		}
		control={
			3838.000000 1062.000000 3792.000000 1028.000000 3689.000000 1016.000000 3603.000000 967.000000 3566.000000 853.000000 3457.000000 732.000000 3384.000000 598.000000 3286.209961 494.329987 3080.000000 402.000000 2941.520020 404.470001 2858.000000 478.000000 2833.000000 622.000000 2793.000000 728.000000 2810.000000 821.000000 2727.000000 1015.000000 
		}
	}
	outgoing={
		name="zanzibar"
		path={
			1448 
		}
		control={
			3740.000000 1114.000000 3611.000000 1079.000000 3516.000000 1025.000000 3452.000000 932.000000 3376.000000 901.000000 
		}
	}
	members={
		1340 2083 4418 4419 4420 539 540 1947 2027 4417 536 2101 4412 2100 4408 4409 572 2099 4407 1101 1248 1998 1999 538 2085 4414 2026 4415 4416 533 2031 4421 4422 4426 541 1949 2090 4423 4424 534 535 537 4410 4413 531 2029 2030 2032 4427 543 549 2084 2080 4425 3407 3408 3401 3402 3400 3409 3406 3405 3404 3410 3411 3482 3439 3483 3438 3445 3412 3399 6742 6864 6865 6866 6867 6868 6869 6870 
	}
}
gujarat={
	location=517
	color={
		135 104 85 
	}
	outgoing={
		name="gulf_of_aden"
		path={
			1336 1333 1332 1331 
		}
		control={
			3702.000000 1264.000000 3615.000000 1221.000000 3518.000000 1223.000000 
		}
	}
	outgoing={
		name="hormuz"
		path={
			1336 1334 
		}
		control={
			3733.000000 1321.000000 3664.000000 1385.000000 3549.000000 1407.000000 
		}
	}
	outgoing={
		name="zanzibar"
		path={
			1336 1452 1451 1453 1447 
		}
		control={
			3613.379883 1146.619995 3477.000000 1067.000000 3404.280029 954.419983 
		}
	}
	members={
		504 2088 4503 4504 505 2072 4505 529 530 2089 4429 515 521 2052 4454 4455 517 4430 503 2053 4456 4480 516 2051 2054 4512 4457 3436 3470 3435 3477 3469 3478 2056 3479 3472 3475 3476 3471 3474 3473 3434 3452 3450 6532 6533 6534 6535 6541 6542 6543 6544 6545 6546 6547 6741 
	}
}
katsina={
	location=1149
	color={
		215 56 56 
	}
	inland=yes
	outgoing={
		name="timbuktu"
		path={
			1148 2273 2269 1133 2262 1132 
		}
		control={
			2702.000000 1185.000000 2662.000000 1227.000000 2630.000000 1273.000000 2607.000000 1273.000000 
		}
	}
	outgoing={
		name="tunis"
		path={
			352 341 
		}
		control={
			2772.000000 1274.000000 2807.000000 1279.000000 2855.000000 1359.000000 2842.000000 1454.000000 2850.000000 1510.000000 2845.000000 1531.000000 2824.000000 1531.000000 2800.000000 1541.000000 2789.000000 1557.000000 2807.000000 1573.000000 2803.000000 1583.000000 2796.000000 1590.000000 
		}
	}
	outgoing={
		name="ethiopia"
		path={
			2800 2772 
		}
		control={
			2777.000000 1196.000000 2796.000000 1203.000000 2809.000000 1209.000000 2821.000000 1209.000000 2834.000000 1214.000000 2851.000000 1222.000000 2864.000000 1202.000000 2905.000000 1214.000000 2949.000000 1226.000000 2997.000000 1229.000000 3030.000000 1216.000000 3068.000000 1214.000000 3106.000000 1220.000000 3115.000000 1207.000000 3130.000000 1182.000000 3147.000000 1180.000000 3165.000000 1176.000000 3185.000000 1170.000000 3195.000000 1163.000000 3207.000000 1170.000000 3206.000000 1186.000000 
		}
	}
	members={
		1144 1146 1162 1145 1152 1153 1150 1154 1155 1156 1157 1158 1160 1161 1249 1149 1148 2273 2272 2274 2275 2276 2277 2278 2279 2280 2281 2282 2283 2284 2285 2286 2287 2288 2293 2475 1159 6316 6293 6311 6310 6309 6308 6301 6305 6300 6302 6297 6298 6299 2292 6315 6314 6294 6304 6303 6306 6307 6312 6313 6327 6328 
	}
}
ethiopia={
	location=2772
	inland=yes
	outgoing={
		name="alexandria"
		path={
			1232 2321 361 358 
		}
		control={
			3199.000000 1197.000000 3194.000000 1186.000000 3183.000000 1184.000000 3175.000000 1190.000000 3174.000000 1201.000000 3167.000000 1214.000000 3163.000000 1219.000000 3164.000000 1228.000000 3156.000000 1243.000000 3146.000000 1251.000000 3149.000000 1263.000000 3163.000000 1273.000000 3168.000000 1283.000000 3167.000000 1294.000000 3161.000000 1302.000000 3156.000000 1314.000000 3144.000000 1306.000000 3136.000000 1297.000000 3129.000000 1290.000000 3122.000000 1290.000000 3114.000000 1300.000000 3113.000000 1313.000000 3112.000000 1321.000000 3111.000000 1333.000000 3125.000000 1350.000000 3133.000000 1362.000000 3140.000000 1366.000000 3145.000000 1365.000000 3151.000000 1377.000000 3152.000000 1386.000000 3152.000000 1398.000000 3145.000000 1411.000000 3149.000000 1417.000000 3148.000000 1422.000000 3138.000000 1423.000000 3130.000000 1433.000000 3120.000000 1445.000000 3118.000000 1457.000000 3120.000000 1467.000000 3125.000000 1474.000000 3126.000000 1482.000000 3119.000000 1493.000000 3117.000000 1498.000000 3111.000000 1502.000000 
		}
	}
	outgoing={
		name="gulf_of_aden"
		path={
			1213 1211 1212 4346 
		}
		control={
			3230.000000 1202.000000 3260.000000 1194.000000 3270.000000 1184.000000 3285.000000 1177.000000 3304.000000 1160.000000 3324.000000 1175.000000 3362.000000 1191.000000 3415.000000 1216.000000 
		}
	}
	members={
		774 1217 1218 1222 1228 2756 2757 2758 2759 2760 2761 2762 2763 2772 2791 2797 2766 2767 2769 2770 2771 2779 1224 1213 1223 1216 1221 2800 2801 2802 1229 1225 1226 1227 1220 2798 2799 1219 2932 4033 4158 6050 6051 6052 6053 6054 6067 6068 6069 6070 6071 6055 6056 6057 6058 6059 6060 6061 6062 6063 6064 6065 6066 6075 6077 6079 6083 6084 6085 6087 6088 6090 6093 6094 6095 6096 6097 6098 6099 6102 6103 6124 6125 6126 6128 6129 6130 6131 6133 6134 6078 2787 6105 6106 1234 2322 6048 6049 
	}
}
arabia={
	location=392
	inland=yes
	outgoing={
		name="alexandria"
		path={
			392 358 
		}
		control={
			3337.000000 1384.000000 3306.000000 1397.000000 3261.000000 1382.000000 3225.000000 1427.000000 3193.000000 1475.000000 3185.000000 1505.000000 3158.000000 1528.000000 3123.000000 1526.000000 
		}
	}
	outgoing={
		name="gulf_of_aden"
		path={
			392 4346 
		}
		control={
			3372.000000 1384.000000 3363.000000 1357.000000 3348.000000 1332.000000 3327.000000 1327.000000 3315.000000 1309.000000 3323.000000 1273.000000 3331.000000 1260.000000 3332.000000 1243.000000 3350.000000 1233.000000 3370.000000 1223.000000 3396.000000 1222.000000 3435.000000 1228.000000 
		}
	}
	outgoing={
		name="hormuz"
		path={
			392 1334 
		}
		control={
			3406.000000 1388.000000 3455.000000 1406.000000 3493.000000 1413.000000 
		}
	}
	members={
		392 393 2328 2335 2336 2337 2338 2339 4272 4273 4274 4275 6038 6041 6042 
	}
}
gulf_of_aden={
	location=4346
	outgoing={
		name="zanzibar"
		path={
			1446 1447 1448 
		}
		control={
			3431.000000 1120.000000 3295.000000 966.000000 
		}
	}
	outgoing={
		name="alexandria"
		path={
			1330 1329 1328 361 358 
		}
		control={
			3420.000000 1224.000000 3346.459961 1197.140015 3315.000000 1204.000000 3298.000000 1234.000000 3266.000000 1282.000000 3216.000000 1375.000000 3181.000000 1431.000000 3165.000000 1449.000000 3150.000000 1469.000000 3147.000000 1479.000000 3146.000000 1490.000000 3142.000000 1499.000000 3139.000000 1515.000000 3132.000000 1522.000000 3117.000000 1518.000000 
		}
	}
	outgoing={
		name="hormuz"
		path={
			1332 1333 1334 
		}
		control={
			3593.000000 1285.000000 3565.000000 1389.000000 3530.000000 1402.000000 
		}
	}
	members={
		2324 2775 2782 2783 2786 2788 2789 2790 2793 2794 2795 2024 1205 1206 1209 1212 1215 1230 2765 2773 2792 2784 1211 2764 1232 1779 2768 401 2341 2342 402 1099 4284 387 2346 4279 390 2344 4281 388 2345 4280 386 391 4282 389 2343 4283 4346 6023 6024 6025 6026 6031 6034 6035 6039 6040 6045 6108 6109 6110 6114 6115 6116 6118 6120 6123 1214 1208 1210 6080 6081 6091 6092 6104 1207 2778 6132 6076 2780 2785 6117 6119 2776 2781 6122 2777 4051 4052 
	}
}
hormuz={
	location=1334
	outgoing={
		name="aleppo"
		path={
			2219 1335 
		}
		control={
			3489.000000 1421.000000 3445.000000 1432.000000 3419.000000 1454.000000 3401.000000 1479.000000 3387.000000 1493.000000 3378.000000 1499.000000 3366.000000 1501.000000 3358.000000 1504.000000 3349.000000 1507.000000 3340.000000 1509.000000 3334.000000 1518.000000 3330.000000 1524.000000 3329.000000 1533.000000 3323.000000 1540.000000 3309.000000 1545.000000 3303.000000 1552.000000 3293.000000 1561.000000 3278.000000 1561.000000 3268.000000 1574.000000 3257.000000 1584.000000 3245.000000 1587.000000 3233.000000 1587.000000 3234.000000 1598.000000 
		}
	}
	outgoing={
		name="persia"
		path={
			1334 4341 
		}
		control={
			3513.000000 1441.000000 3505.000000 1453.000000 3485.000000 1464.000000 3494.000000 1487.000000 3508.000000 1494.000000 3500.000000 1521.000000 3485.000000 1539.000000 3473.000000 1537.000000 3462.000000 1544.000000 3444.000000 1552.000000 3438.000000 1567.000000 3426.000000 1572.000000 3418.000000 1584.000000 3407.000000 1591.000000 3418.000000 1603.000000 3438.000000 1597.000000 
		}
	}
	members={
		397 398 404 2333 434 575 2231 2232 2233 430 2219 4332 403 4285 4287 399 400 4286 431 2999 4327 1334 1335 3510 3511 6027 6044 394 395 396 2340 2347 412 2217 4289 4290 4342 3512 
	}
}
zanzibar={
	location=1448
	color={
		130 17 17 
	}
	outgoing={
		name="ivory_coast"
		path={
			1449 1456 1457 1458 1459 1460 
		}
		control={
			3304.000000 794.000000 3282.000000 737.000000 3205.000000 682.000000 3203.000000 622.000000 3159.000000 592.000000 3140.280029 514.710022 3048.000000 450.000000 2934.000000 445.000000 2878.000000 510.000000 2855.000000 620.000000 2812.000000 727.000000 2825.000000 807.000000 2802.000000 894.000000 2756.000000 993.000000 2722.000000 1033.000000 2671.000000 1052.000000 
		}
	}
	members={
		1448 788 1100 1102 1103 1183 1186 1192 1193 1194 1195 1196 1197 1198 1199 1200 1201 1202 1203 1204 1792 2796 2774 4020 4021 4022 4023 4024 4025 4026 4027 4028 4029 4030 4031 4032 4049 6121 6135 6136 6137 6138 6139 6140 6141 6142 6148 6152 6161 6210 6209 6211 6218 6217 1800 1182 6720 6721 6722 
	}
}
samarkand={
	location=454
	inland=yes
	outgoing={
		name="persia"
		path={
			442 441 438 437 427 426 
		}
		control={
			3617.000000 1607.000000 3561.000000 1625.000000 3519.000000 1641.000000 3491.000000 1624.000000 3481.000000 1605.000000 
		}
	}
	outgoing={
		name="astrakhan"
		path={
			442 440 443 470 465 464 
		}
		control={
			3668.000000 1658.000000 3657.000000 1661.000000 3645.000000 1658.000000 3641.000000 1652.000000 3635.000000 1650.000000 3632.000000 1643.000000 3621.000000 1650.000000 3614.000000 1656.000000 3612.000000 1664.000000 3608.000000 1669.000000 3603.000000 1679.000000 3596.000000 1680.000000 3588.000000 1686.000000 3575.000000 1699.000000 3565.000000 1703.000000 3558.000000 1715.000000 3531.000000 1722.000000 3501.000000 1735.000000 3479.000000 1765.000000 3469.000000 1788.000000 3432.000000 1793.000000 3405.000000 1778.000000 
		}
	}
	members={
		440 441 442 444 453 454 455 456 457 476 477 1967 1969 1970 1973 478 2370 2362 2363 2356 2355 2360 2361 2358 2352 2351 2353 2359 458 460 437 438 439 443 2349 1968 4344 4343 2368 459 2364 3527 3520 3518 3519 3517 3516 3515 3531 461 2120 2125 2126 3528 2118 4684 714 2119 4692 2357 479 2354 480 445 2350 3530 3529 
	}
}
persia={
	location=4341
	color={
		204 119 31 
	}
	inland=yes
	outgoing={
		name="aleppo"
		path={
			1326 421 2202 2205 418 407 377 
		}
		control={
			3419.000000 1618.000000 3388.000000 1653.000000 3355.000000 1638.000000 3312.000000 1660.000000 3238.000000 1648.000000 3247.000000 1620.000000 
		}
	}
	outgoing={
		name="astrakhan"
		path={
			1326 454 
		}
		control={
			3464.000000 1640.000000 3389.000000 1716.000000 3394.000000 1749.000000 
		}
	}
	outgoing={
		name="crimea"
		path={
			4341 1322 
		}
		control={
			3425.000000 1621.000000 3409.000000 1644.000000 3400.000000 1658.000000 3381.000000 1661.000000 3371.000000 1673.000000 3354.000000 1676.000000 3342.000000 1682.000000 3338.000000 1688.000000 3326.000000 1694.000000 3310.000000 1701.000000 3271.000000 1706.000000 3227.000000 1730.000000 3195.000000 1730.000000 3165.000000 1725.000000 
		}
	}
	members={
		435 2224 2229 2230 436 4334 4336 446 4324 4325 2221 2235 2236 4326 417 426 2214 4339 4341 427 428 2213 2216 4337 429 433 2222 4335 4171 419 420 2202 2205 4302 421 424 4299 4305 4340 416 2206 2207 4304 2212 2215 4300 4338 4177 4170 4172 4179 3507 3509 3498 3499 3491 3492 3494 3493 3505 3513 3514 3504 3500 3502 3503 3508 432 2218 2220 2234 4345 2223 3490 4329 4330 4331 2211 3496 4294 413 414 2209 2210 3495 3497 3501 
	}
}
aleppo={
	location=377
	color={
		202 150 172 
	}
	outgoing={
		name="constantinople"
		path={
			1317 1848 322 317 1320 
		}
		control={
			3203.000000 1609.000000 3191.000000 1640.000000 3131.000000 1644.000000 
		}
	}
	outgoing={
		name="alexandria"
		path={
			1316 1315 358 
		}
		control={
			3193.000000 1585.000000 3181.000000 1560.000000 3138.000000 1546.000000 3117.000000 1533.000000 
		}
	}
	members={
		418 2306 2307 4295 4296 377 1849 2313 4298 378 382 1855 4297 407 411 2309 2314 4292 332 2303 2308 4310 405 4271 327 3540 3542 2305 331 3539 3541 3557 3544 3556 3550 3552 3553 3554 3555 3551 3549 3558 3559 3560 6754 4293 3546 406 408 409 410 415 2310 2311 2312 3506 3543 3545 3547 3548 4288 4291 6033 6940 6941 
	}
}
astrakhan={
	location=464
	inland=yes
	outgoing={
		name="kazan"
		path={
			466 303 1081 1082 
		}
		control={
			3343.000000 1834.000000 3387.000000 1884.000000 3404.000000 1910.000000 
		}
	}
	outgoing={
		name="crimea"
		path={
			468 287 1323 
		}
		control={
			3324.000000 1813.000000 3291.000000 1796.000000 3245.000000 1785.000000 3205.000000 1773.000000 3210.479980 1755.599976 3196.000000 1742.000000 3169.000000 1728.000000 
		}
	}
	members={
		303 465 467 469 470 474 1971 2365 2367 2366 2418 472 471 464 466 468 2416 2417 2415 425 2198 2199 2208 4306 3641 3656 3657 3640 3643 3644 3642 3637 3645 3646 3639 302 3636 2408 299 3658 3635 291 298 
	}
}
crimea={
	location=1322
	color={
		59 158 125 
	}
	outgoing={
		name="kiev"
		path={
			284 282 281 280 
		}
		control={
			3129.000000 1772.000000 3136.000000 1779.000000 3135.000000 1788.000000 3128.000000 1795.000000 3123.000000 1807.000000 3136.000000 1826.000000 3129.000000 1835.000000 3120.000000 1841.000000 3113.000000 1849.000000 
		}
	}
	outgoing={
		name="constantinople"
		path={
			1322 1321 1320 
		}
		control={
			3110.000000 1709.000000 
		}
	}
	outgoing={
		name="pest"
		path={
			1756 2998 4531 160 4532 156 1954 4173 4126 153 
		}
		control={
			3146.000000 1741.000000 3109.000000 1755.000000 3096.000000 1758.000000 3086.000000 1755.000000 3074.000000 1757.000000 3073.000000 1750.000000 3070.000000 1744.000000 3071.000000 1738.000000 3060.000000 1735.000000 3049.000000 1734.000000 3037.000000 1727.000000 3024.000000 1728.000000 3017.000000 1742.000000 3021.000000 1760.000000 3019.000000 1768.000000 2999.000000 1764.000000 2986.000000 1756.000000 2976.000000 1758.000000 2968.000000 1765.000000 2959.000000 1778.000000 2935.000000 1780.000000 
		}
	}
	members={
		1322 462 1856 463 2201 2195 2197 282 1974 2406 286 287 2413 2414 284 285 2410 2447 283 2411 2412 330 422 268 1756 2405 423 2203 4301 2196 4529 4530 3538 3537 3533 3532 3536 3577 3578 3576 3651 3649 3650 2409 288 3183 3653 3655 3139 3892 3893 3894 3891 3660 2304 3534 4303 3535 2204 6254 6255 6256 6896 
	}
}
kiev={
	location=280
	color={
		253 179 42 
	}
	inland=yes
	outgoing={
		name="novgorod"
		path={
			278 292 275 311 310 
		}
		control={
			3114.000000 1866.000000 3117.000000 1880.000000 3108.000000 1897.000000 3112.000000 1905.000000 3111.000000 1911.000000 3113.000000 1919.000000 3112.000000 1926.000000 3118.000000 1934.000000 3122.000000 1947.000000 3134.000000 1954.000000 3137.000000 1962.000000 3141.000000 1974.000000 3128.000000 1982.000000 3132.000000 1996.000000 3132.000000 1996.000000 3126.000000 2010.000000 
		}
	}
	outgoing={
		name="krakow"
		path={
			279 260 262 
		}
		control={
			3108.000000 1834.000000 3085.000000 1825.000000 3060.000000 1822.000000 3038.000000 1828.000000 3020.000000 1837.000000 3003.000000 1834.000000 2988.000000 1839.000000 2972.000000 1844.000000 
		}
	}
	members={
		272 279 281 770 1937 1943 2962 277 278 1941 293 297 4244 4245 4116 280 1942 1944 4247 289 290 1945 2407 292 771 4246 276 4115 4242 4537 4536 4535 4545 4544 4540 4539 4542 4543 269 275 3647 3654 3184 3661 3185 3648 3182 3659 3181 3634 3189 3172 3187 3171 270 3106 3937 3938 3931 3930 3929 3913 3927 3910 3911 3912 
	}
}
kazan={
	location=1082
	inland=yes
	outgoing={
		name="novgorod"
		path={
			306 307 308 312 310 
		}
		control={
			3364.000000 1966.000000 3322.000000 1966.000000 3287.000000 1988.000000 3226.000000 1983.000000 3165.000000 1967.000000 3135.000000 2005.000000 
		}
	}
	members={
		1079 2421 4265 4267 475 1965 1966 2420 2444 473 1081 2423 1082 2422 4264 305 1962 1972 4266 3163 3161 3162 1780 4129 1964 3159 3160 3156 2441 3155 2419 304 3638 1077 1963 3157 3158 3150 
	}
}
novgorod={
	location=33
	color={
		97 126 37 
	}
	outgoing={
		name="baltic_sea"
		path={
			34 36 1926 
		}
		control={
			3103.000000 2041.000000 3068.000000 2043.000000 3004.000000 2033.000000 
		}
	}
	members={
		30 32 309 4124 33 34 1961 274 1960 4148 310 311 1959 2749 4260 294 1752 4243 4248 4249 1778 295 4252 307 4147 4253 308 1753 4117 4250 1754 1956 4254 3169 3168 3167 3652 3175 3173 3174 3176 3177 3178 1957 1083 3188 306 3164 3165 3166 3957 3934 3936 3170 3179 301 4255 3180 300 3933 296 3932 3935 4251 6403 6404 
	}
}
cuiaba={
	location=800
	outgoing={
		name="laplata"
		path={
			800 1536 
		}
		control={
			1736.000000 724.000000 1734.000000 708.000000 1739.000000 704.000000 1739.000000 701.000000 1746.000000 696.000000 1748.000000 691.000000 1752.000000 688.000000 1758.000000 679.000000 1758.000000 671.000000 1763.000000 661.000000 1780.000000 658.000000 1794.000000 658.000000 1799.000000 644.000000 1792.000000 633.000000 1790.000000 626.000000 1786.000000 623.000000 1787.000000 617.000000 1784.000000 605.000000 1781.000000 594.000000 1779.000000 582.000000 1769.000000 575.000000 1765.000000 568.000000 1764.000000 555.000000 1751.000000 541.000000 1738.000000 526.000000 1729.000000 516.000000 1730.000000 508.000000 1726.000000 494.000000 1726.000000 476.000000 1721.000000 466.000000 1726.000000 452.000000 1750.000000 432.000000 
		}
	}
	outgoing={
		name="lima"
		path={
			800 809 
		}
		control={
			1654.000000 737.000000 1646.000000 743.000000 1638.000000 749.000000 1627.000000 756.000000 1621.000000 764.000000 1619.000000 775.000000 1621.000000 785.000000 1615.000000 791.000000 1583.000000 789.000000 1542.000000 779.000000 1519.000000 782.000000 1510.000000 790.000000 1498.000000 795.000000 1489.000000 795.000000 1479.000000 810.000000 1467.000000 817.000000 
		}
	}
	members={
		800 2902 801 2835 2834 2838 794 2942 797 2829 2940 2946 795 793 796 2840 2839 2837 792 2841 802 804 2831 2947 803 775 799 2858 2859 2883 6467 6468 6474 6475 6498 6499 6500 6501 6502 6503 6505 6504 6506 
	}
}
laplata={
	location=1536
	outgoing={
		name="brazil"
		path={
			1535 1534 1533 1532 1531 
		}
		control={
			1925.000000 552.000000 2052.840088 741.979980 
		}
	}
	members={
		772 773 777 778 779 784 786 787 790 791 1536 1095 2025 2836 2842 2843 2844 2845 2846 2847 2848 2849 2850 2851 2852 2853 2854 2855 2857 2860 2861 2862 2865 2866 2872 2873 2877 2878 2879 2884 2887 6463 6465 6486 6738 
	}
}
lima={
	location=809
	outgoing={
		name="panama"
		path={
			1545 1546 1547 1548 835 
		}
		control={
			1354.000000 913.000000 1397.000000 1091.000000 
		}
	}
	members={
		812 2002 2821 2822 2826 816 817 819 820 2820 815 818 2823 2944 813 2824 2825 2943 809 810 811 814 2827 807 808 2830 805 806 2828 6471 6472 6476 6477 6478 6479 6480 6481 6483 6484 6485 6488 6495 6496 6497 
	}
}
brazil={
	location=1531
	outgoing={
		name="ivory_coast"
		path={
			1596 1597 1586 1585 1466 
		}
		control={
			2186.000000 933.000000 2389.000000 1033.000000 
		}
	}
	members={
		750 751 753 754 755 756 757 759 760 761 762 763 764 765 766 768 769 776 1531 2881 2885 2891 2892 2893 2894 2895 2896 2897 2898 2899 2906 2907 2912 2913 2914 2915 2916 2917 2918 2920 2921 2922 
	}
}
timbuktu={
	location=1132
	inland=yes
	outgoing={
		name="safi"
		path={
			1127 346 344 345 
		}
		control={
			2578.000000 1298.000000 2580.000000 1329.000000 2574.000000 1360.000000 2523.000000 1433.000000 
		}
	}
	outgoing={
		name="ivory_coast"
		path={
			2263 1135 2252 2255 2257 1466 
		}
		control={
			2571.000000 1249.000000 2586.000000 1204.000000 2631.000000 1177.000000 2616.000000 1152.000000 2636.000000 1127.000000 2640.000000 1118.000000 2638.000000 1109.000000 2640.000000 1102.000000 2650.000000 1092.000000 2638.000000 1067.000000 
		}
	}
	members={
		1120 1121 1122 1123 1124 1125 1127 1128 1129 1130 1131 1132 1133 1134 1135 1136 1137 1138 1140 1142 1143 2243 2245 2246 2247 2248 2249 2250 2251 2252 2253 2254 2255 2256 2257 2259 2260 2261 2262 2263 2264 2265 2266 2267 2268 2269 2270 2271 2291 2295 6273 6274 6275 6276 6283 6284 6285 6286 6288 6289 6290 6291 6337 6338 6347 
	}
}
ivory_coast={
	location=1466
	outgoing={
		name="carribean_trade"
		path={
			1467 1468 1579 1577 1576 1522 1520 1519 1517 1516 
		}
		control={
			2339.000000 1068.000000 2249.000000 1199.000000 2125.000000 1283.000000 1948.000000 1317.000000 1727.000000 1202.000000 
		}
	}
	outgoing={
		name="bordeaux"
		path={
			1467 1468 1470 1471 1566 1563 
		}
		control={
			2451.000000 1075.000000 2348.000000 1163.000000 2328.000000 1309.000000 2337.000000 1427.000000 2377.000000 1487.000000 2463.000000 1716.000000 2587.000000 1733.000000 
		}
	}
	outgoing={
		name="english_channel"
		path={
			1467 1468 1470 1471 1566 1563 
		}
		control={
			2447.000000 1066.000000 2342.350098 1143.280029 2318.000000 1280.000000 2325.000000 1429.000000 2357.000000 1489.000000 2467.000000 1742.000000 2566.000000 1827.000000 2651.000000 1853.000000 2668.000000 1880.000000 
		}
	}
	outgoing={
		name="lowlands"
		path={
			1467 
		}
		control={
			2455.000000 1082.000000 2353.000000 1191.000000 2341.000000 1328.000000 2361.000000 1422.000000 2402.000000 1484.000000 2441.000000 1632.000000 2484.000000 1733.000000 2553.000000 1815.000000 2651.000000 1853.000000 2687.000000 1884.000000 2697.000000 1888.000000 
		}
	}
	outgoing={
		name="sevilla"
		path={
			1467 1468 1470 1471 1566 1563 
		}
		control={
			2458.000000 1090.000000 2381.000000 1170.000000 2357.000000 1233.000000 2361.000000 1338.000000 2404.000000 1457.000000 2492.000000 1562.000000 
		}
	}
	outgoing={
		name="irish_sea"
		path={
			1284 
		}
		control={
			2431.000000 1064.000000 2330.510010 1134.270020 2308.000000 1278.000000 2313.000000 1431.000000 2346.000000 1490.000000 2398.000000 1616.000000 2460.000000 1746.000000 2515.000000 1824.000000 2542.000000 1875.000000 
		}
	}
	outgoing={
		name="north_sea"
		path={
			1975 
		}
		control={
			2418.000000 1062.000000 2319.649902 1119.859985 2295.899902 1276.119995 2302.139893 1430.069946 2338.000000 1493.000000 2388.000000 1618.000000 2443.000000 1752.000000 2477.000000 1964.000000 2616.000000 2086.000000 
		}
	}
	members={
		1096 1097 1098 1111 1112 1113 1114 1115 1116 1117 1118 1119 1126 1139 1141 1147 1151 1163 1164 1165 1166 1167 1168 1169 1171 1172 1174 1306 1466 2237 2238 2239 2240 2241 2242 2244 2258 2289 2290 2294 4078 4079 4080 6231 6232 6242 6243 6245 6246 6257 6258 6259 6260 6261 6262 6263 6264 6265 6266 6267 6268 6269 6270 6271 6272 6277 6278 6279 6280 6281 6282 6287 6292 6295 6317 6318 6319 6320 6321 6322 6323 6324 6325 6326 6329 6330 6331 6332 6333 6334 6339 6340 6341 6342 1460 789 833 1175 1176 1177 1178 1179 1180 1181 2856 2864 2880 4781 4783 4784 6361 6360 6348 6349 6350 6352 6362 6354 6355 6356 6357 6358 6359 6344 6345 6346 
	}
}
safi={
	location=1110
	color={
		191 110 62 
	}
	outgoing={
		name="sevilla"
		path={
			342 1293 
		}
		control={
			2468.000000 1509.000000 2497.000000 1555.000000 
		}
	}
	outgoing={
		name="tunis"
		path={
			1110 2470 344 2468 2467 343 2465 336 337 2461 338 339 1882 2455 341 
		}
		control={
			2506.000000 1511.000000 2559.000000 1535.000000 2586.000000 1556.000000 2619.000000 1565.000000 2631.000000 1582.000000 2678.000000 1597.000000 2746.000000 1599.000000 
		}
	}
	outgoing={
		name="valencia"
		path={
			1110 2470 344 2468 2467 343 2465 336 337 1294 1295 
		}
		control={
			2501.000000 1513.000000 2550.000000 1537.000000 2571.000000 1553.000000 2593.000000 1577.000000 2622.820068 1591.780029 
		}
	}
	members={
		336 337 338 342 343 344 345 346 347 348 349 1110 2459 2460 2461 2462 2463 2464 2465 2466 2467 2468 2469 2470 4562 4563 4564 4568 6001 6002 6003 6004 6005 6006 6007 6009 6010 6011 6015 6018 6454 6455 6456 6458 
	}
}
tunis={
	location=341
	color={
		146 134 57 
	}
	outgoing={
		name="genua"
		path={
			1302 1300 1297 
		}
		control={
			2794.000000 1631.000000 2747.000000 1643.000000 2740.000000 1682.000000 
		}
	}
	outgoing={
		name="valencia"
		path={
			1302 1301 1293 
		}
		control={
			2784.000000 1623.000000 2735.000000 1633.000000 2694.000000 1632.000000 2664.000000 1646.000000 
		}
	}
	outgoing={
		name="alexandria"
		path={
			341 2473 2453 353 2452 354 2451 355 356 357 2326 2325 358 
		}
		control={
			2833.000000 1573.000000 2893.000000 1550.000000 3027.000000 1519.000000 
		}
	}
	members={
		339 340 341 350 351 352 353 354 355 1882 2449 2450 2451 2452 2453 2454 2455 2456 2457 2458 2472 2473 2954 4566 4567 6012 6013 6014 6016 6017 6020 6022 6036 6037 6364 
	}
}
alexandria={
	location=358
	color={
		200 200 102 
	}
	outgoing={
		name="constantinople"
		path={
			362 363 1316 1932 318 317 1320 
		}
		control={
			3099.000000 1537.000000 3067.000000 1582.000000 3040.000000 1615.000000 3039.000000 1645.000000 3041.000000 1653.000000 3046.000000 1658.000000 3058.000000 1667.000000 3068.000000 1669.000000 3080.000000 1671.000000 
		}
	}
	outgoing={
		name="venice"
		path={
			1315 1318 145 1773 144 143 1310 1309 1308 
		}
		control={
			2965.000000 1558.000000 2919.000000 1678.000000 2856.000000 1722.000000 
		}
	}
	outgoing={
		name="genua"
		path={
			357 1313 1306 1302 1303 1298 1297 
		}
		control={
			3029.159912 1524.069946 2896.000000 1566.000000 2834.000000 1598.000000 2810.000000 1666.000000 2787.000000 1681.000000 2771.000000 1680.000000 2765.000000 1696.000000 
		}
	}
	members={
		364 379 1854 384 2329 2330 383 4268 4269 385 2331 2332 4277 4278 380 381 2327 365 2315 2320 2321 1233 2318 4323 358 362 363 361 2316 4316 4317 359 2317 4318 360 1231 2319 4319 4320 356 357 2325 2326 4321 3561 3037 3581 4270 6021 6029 6030 6414 6415 6416 6417 6418 6419 6420 
	}
}
pest={
	location=153
	color={
		172 95 81 
	}
	outgoing={
		name="wien"
		path={
			1772 134 
		}
		control={
			2919.000000 1797.000000 2910.000000 1800.000000 2905.000000 1804.000000 
		}
	}
	outgoing={
		name="saxony"
		path={
			59 
		}
		control={
			2915.000000 1808.000000 2910.000000 1825.000000 2900.000000 1838.000000 2864.000000 1846.000000 2858.000000 1857.000000 2847.000000 1864.000000 
		}
	}
	outgoing={
		name="constantinople"
		path={
			1320 
		}
		control={
			2931.000000 1786.000000 2932.000000 1772.000000 2929.000000 1767.000000 2933.000000 1759.000000 2933.000000 1753.000000 2944.000000 1752.000000 2954.000000 1750.000000 2953.000000 1746.000000 2959.000000 1744.000000 2962.000000 1741.000000 2970.000000 1743.000000 2977.000000 1743.000000 2982.000000 1739.000000 2987.000000 1743.000000 2992.000000 1741.000000 2988.000000 1739.000000 2989.000000 1735.000000 2996.000000 1731.000000 2994.000000 1728.000000 2997.000000 1726.000000 3005.000000 1727.000000 3012.000000 1724.000000 3018.000000 1723.000000 3025.000000 1724.000000 3033.000000 1722.000000 3041.000000 1724.000000 3046.000000 1727.000000 3051.000000 1730.000000 3057.000000 1731.000000 3065.000000 1731.000000 3073.000000 1733.000000 3076.000000 1738.000000 3076.000000 1744.000000 3077.000000 1752.000000 3082.000000 1751.000000 3088.000000 1752.000000 3095.000000 1754.000000 3110.000000 1749.000000 3112.000000 1733.000000 
		}
	}
	outgoing={
		name="venice"
		path={
			1308 
		}
		control={
			2925.000000 1788.000000 2914.000000 1777.000000 2893.000000 1770.000000 2886.000000 1760.000000 2872.000000 1747.000000 2863.000000 1752.000000 2860.000000 1751.000000 2852.000000 1741.000000 
		}
	}
	outgoing={
		name="krakow"
		path={
			153 
		}
		control={
			2925.000000 1812.000000 2943.000000 1822.000000 2957.000000 1832.000000 2962.000000 1842.000000 
		}
	}
	members={
		135 153 155 156 157 158 160 161 1864 1951 1953 1954 2998 4125 4126 4127 4128 4173 4240 4531 4532 1952 162 3887 3888 3889 3890 3886 3895 3885 3884 3883 3882 3877 3879 3878 3871 3881 3880 3873 3876 1318 3875 3874 4236 154 1772 3872 3860 3861 3869 3870 6450 6451 6452 1767 3865 4756 152 131 3868 1831 139 4755 140 3002 1828 3867 3866 4754 138 3849 1827 1766 3844 4239 4757 141 4176 3842 3841 3000 3843 6894 6895 6897 6898 6899 6900 6934 
	}
}
krakow={
	location=262
	inland=yes
	outgoing={
		name="saxony"
		path={
			263 264 1763 
		}
		control={
			2939.000000 1859.000000 2930.000000 1862.000000 2922.000000 1883.000000 2903.000000 1881.000000 2898.000000 1893.000000 2879.000000 1892.000000 2875.000000 1894.000000 2864.000000 1889.000000 2865.000000 1879.000000 
		}
	}
	outgoing={
		name="baltic_sea"
		path={
			258 255 1859 43 1927 1926 
		}
		control={
			2962.000000 1848.000000 2976.000000 1855.000000 2976.000000 1863.000000 2977.000000 1869.000000 2968.000000 1877.000000 2964.000000 1884.000000 2959.000000 1887.000000 2950.000000 1886.000000 2934.000000 1893.000000 2926.000000 1898.000000 2919.000000 1902.000000 2928.000000 1910.000000 2931.000000 1919.000000 2936.000000 1937.000000 2940.000000 1965.000000 
		}
	}
	members={
		254 255 256 257 258 259 260 261 262 263 264 1859 1938 1939 1940 2424 2959 2960 2961 2963 2966 3662 3760 3761 3763 3914 3915 3916 3917 3918 3919 3920 3921 3922 3928 4238 4523 4524 4525 4526 4527 4528 4533 4538 4541 4723 6906 6907 6908 6909 6910 6911 6912 6913 6914 6915 6916 6917 6918 6919 6920 6925 6926 6927 6928 6929 6930 6931 6932 6933 6939 
	}
}
constantinople={
	location=1320
	color={
		226 7 83 
	}
	outgoing={
		name="venice"
		path={
			149 1765 1766 138 137 
		}
		control={
			3061.000000 1682.000000 3042.000000 1678.000000 3016.000000 1678.000000 2992.000000 1666.000000 3008.000000 1645.000000 3023.000000 1630.000000 3021.000000 1621.000000 3011.000000 1613.000000 2997.000000 1583.000000 2962.020020 1602.130005 2948.000000 1641.000000 2929.000000 1682.000000 2907.000000 1701.000000 2880.000000 1713.000000 2852.000000 1729.000000 
		}
	}
	outgoing={
		name="genua"
		path={
			1298 
		}
		control={
			3068.000000 1669.000000 3058.000000 1667.000000 3046.000000 1658.000000 3030.000000 1651.000000 3028.000000 1635.000000 3028.000000 1602.000000 3052.000000 1576.000000 3035.260010 1562.369995 2943.000000 1576.000000 2883.000000 1609.000000 2880.000000 1635.000000 2858.000000 1656.000000 2788.000000 1710.000000 
		}
	}
	members={
		1320 149 151 1764 325 328 2299 150 159 1765 2746 2750 329 1846 2300 4314 4315 316 317 2296 322 1848 4308 4311 318 319 2297 2298 4309 326 4312 4313 164 320 2348 3003 146 147 148 1853 3001 3572 3573 3566 3568 3565 3567 3563 3574 3575 3562 3831 4779 4705 4702 3830 3826 3824 3828 3832 4700 3797 3851 4780 3853 3834 4704 3837 3838 3835 4703 3840 163 3850 4706 6192 6421 6422 6423 6424 6425 6426 6441 3833 6185 4698 142 145 3829 6184 4701 6183 1773 3827 4699 144 3846 4699 144 3846 143 3847 4750 6439 4174 4175 3571 323 4307 324 3569 2301 3570 2302 3564 321 3580 3579 6438 6757 
	}
}
venice={
	location=1308
	color={
		54 167 156 
	}
	outgoing={
		name="wien"
		path={
			1308 1769 128 132 
		}
		control={
			2837.000000 1754.000000 2846.000000 1758.000000 2852.000000 1762.000000 2852.000000 1767.000000 2857.000000 1772.000000 2868.000000 1771.000000 2880.000000 1777.000000 2876.000000 1789.000000 
		}
	}
	outgoing={
		name="rheinland"
		path={
			166 
		}
		control={
			2827.000000 1751.000000 2817.000000 1750.000000 2813.000000 1754.000000 2805.000000 1757.000000 2796.000000 1756.000000 2789.000000 1761.000000 2781.000000 1758.000000 2774.000000 1757.000000 2769.000000 1763.000000 2772.000000 1767.000000 2778.000000 1771.000000 2773.000000 1780.000000 2769.000000 1796.000000 2758.000000 1795.000000 2753.000000 1800.000000 2755.000000 1809.000000 2758.000000 1816.000000 2766.000000 1825.000000 2769.000000 1830.000000 2767.000000 1834.000000 2769.000000 1838.000000 2766.000000 1842.000000 
		}
	}
	outgoing={
		name="genua"
		path={
			104 
		}
		control={
			2829.000000 1747.000000 2819.000000 1747.000000 2809.000000 1749.000000 2803.000000 1747.000000 2779.000000 1746.000000 
		}
	}
	members={
		104 105 106 107 108 109 111 112 113 114 119 120 122 130 1308 1769 1774 1862 1933 2976 2977 2985 3604 3683 3757 3759 3764 3765 3772 3773 3774 3778 3779 3781 3786 3787 3789 3790 3791 3792 3793 3793 3794 3794 4729 4730 4731 4731 4733 4738 4739 4740 4752 4753 3863 136 137 3864 1826 6449 6756 6764 6765 6766 6767 
	}
}
wien={
	location=134
	color={
		220 220 220 
	}
	inland=yes
	outgoing={
		name="rheinland"
		path={
			133 64 1757 67 66 79 1876 
		}
		control={
			2880.000000 1812.000000 2878.000000 1808.000000 2870.000000 1806.000000 2859.000000 1808.000000 2852.000000 1812.000000 2830.000000 1822.000000 2804.000000 1841.000000 2780.000000 1837.000000 
		}
	}
	outgoing={
		name="saxony"
		path={
			1770 267 266 1771 61 59 
		}
		control={
			2862.000000 1826.000000 2861.000000 1841.000000 2858.000000 1857.000000 2847.000000 1864.000000 
		}
	}
	members={
		64 65 66 67 68 70 71 73 76 79 110 128 129 132 133 134 1757 1768 1770 1863 1868 1872 2955 2956 2957 3663 3664 3856 3857 3858 3972 3973 3974 3975 3976 3977 3978 3979 3981 3989 4707 4709 4710 4711 4712 4713 4715 4717 4718 4758 4759 4760 4761 4762 3859 4751 6755 6758 6838 6839 6841 
	}
}
saxony={
	location=59
	color={
		36 182 69 
	}
	inland=yes
	outgoing={
		name="rheinland"
		path={
			62 63 79 81 1876 
		}
		control={
			2821.000000 1879.000000 2808.000000 1864.000000 2788.000000 1860.000000 
		}
	}
	outgoing={
		name="lubeck"
		path={
			58 52 51 46 45 
		}
		control={
			2843.000000 1890.000000 2851.000000 1889.000000 2858.000000 1897.000000 2862.000000 1905.000000 2867.000000 1912.000000 2867.000000 1934.000000 2844.000000 1935.000000 
		}
	}
	members={
		49 50 51 52 53 57 58 59 60 61 62 63 265 266 267 1758 1759 1763 1771 2964 2965 2967 2968 2969 2970 2971 2993 3665 3666 3667 3668 3705 3752 3753 3756 3762 3966 3967 3968 3969 3970 3971 3997 3998 4237 4716 4724 4725 4726 4741 4742 4743 4747 4772 4773 4786 6843 6948 6949 6950
	}
}
rheinland={
	location=1876
	color={
		114 171 184 
	}
	inland=yes
	outgoing={
		name="champagne"
		path={
			83 1760 80 188 187 186 
		}
		control={
			2760.000000 1841.000000 2736.000000 1834.000000 2725.000000 1817.000000 
		}
	}
	outgoing={
		name="lowlands"
		path={
			83 
		}
		control={
			2755.000000 1849.000000 2745.000000 1860.000000 2738.000000 1874.000000 2725.000000 1879.000000 2717.000000 1879.000000 
		}
	}
	outgoing={
		name="lubeck"
		path={
			1762 57 53 1857 45 
		}
		control={
			2776.000000 1857.000000 2786.000000 1869.000000 2783.000000 1880.000000 2778.000000 1892.000000 2794.000000 1909.000000 
		}
	}
	members={
		56 69 72 74 75 77 78 80 81 82 83 84 85 86 165 166 1760 1761 1762 1869 1870 1873 1876 1878 1880 4765 2972 2973 2975 3710 3711 3712 3742 3743 3744 3745 3980 3982 3983 3984 3985 3986 3987 3988 3990 3991 3992 3993 3994 3995 3996 4714 4722 4767 4768 4774 4775 6199 6412 6759 6842 6951 6952 6953 6954
	}
}
baltic_sea={
	location=1926
	color={
		8 82 165 
	}
	outgoing={
		name="lubeck"
		path={
			1255 1257 45 
		}
		control={
			2916.000000 1958.000000 2868.000000 1948.000000 2821.000000 1928.000000 
		}
	}
	members={
		1 2 3 4 5 8 9 11 18 19 25 27 28 29 31 35 36 37 38 39 40 41 42 43 271 273 767 1834 1841 1842 1926 1930 1935 1936 1985 2958 2997 3900 3901 3902 3903 3904 3905 3906 3907 3908 3909 3923 3924 3925 3926 3939 3941 3942 3943 3944 3946 3956 3958 4113 4114 4123 4152 4166 4241 4534 6413 
	}
}
panama={
	location=835
	color={
		253 195 26 
	}
	outgoing={
		name="carribean_trade"
		path={
			1515 1517 1516 
		}
		control={
			1390.000000 1254.000000 1438.000000 1263.000000 
		}
	}
	members={
		822 823 824 825 826 827 828 829 832 835 836 837 838 839 840 2637 2640 2660 2661 2662 2663 2664 2806 2812 2814 2815 2817 2818 2819 4592 4593 4595 4597 4599 4600 4603 4604 6487 6490 6492 6493 6494 6556 6557 
	}
}
carribean_trade={
	location=1516
	color={
		154 79 108 
	}
	outgoing={
		name="chesapeake_bay"
		path={
			1524 1503 1502 1501 1500 
		}
		control={
			1480.000000 1327.000000 1479.000000 1349.000000 1488.000000 1406.000000 1431.000000 1507.000000 
		}
	}
	outgoing={
		name="bordeaux"
		path={
			488 490 1526 1575 1583 1580 1567 1563 
		}
		control={
			1600.000000 1247.000000 1685.000000 1245.000000 1797.000000 1289.000000 1867.000000 1364.000000 2059.000000 1632.000000 2392.000000 1737.000000 2510.000000 1773.000000 
		}
	}
	outgoing={
		name="sevilla"
		path={
			488 490 1526 1575 1583 1580 1567 1563 
		}
		control={
			1614.000000 1264.000000 1660.000000 1312.000000 1856.000000 1317.000000 2141.000000 1496.000000 2360.000000 1558.000000 
		}
	}
	outgoing={
		name="english_channel"
		path={
			1574 1572 1582 1568 1564 1563 1289 1274 1272 1271 1270 
		}
		control={
			1503.000000 1329.000000 1645.000000 1343.000000 1806.000000 1426.000000 2028.000000 1673.000000 2391.000000 1760.000000 2566.000000 1827.000000 2651.000000 1853.000000 2668.000000 1880.000000 
		}
	}
	outgoing={
		name="irish_sea"
		path={
			1284 
		}
		control={
			1503.000000 1336.000000 1644.000000 1353.000000 1793.000000 1431.000000 1910.000000 1579.000000 2002.000000 1680.000000 2123.000000 1762.000000 2242.000000 1798.000000 2377.000000 1814.000000 2481.000000 1820.000000 2530.000000 1862.000000 
		}
	}
	outgoing={
		name="north_sea"
		path={
			1975 
		}
		control={
			1502.000000 1341.000000 1641.000000 1361.000000 1787.000000 1439.000000 1949.000000 1665.000000 2142.000000 1800.000000 2376.000000 1935.000000 2511.000000 2097.000000 2610.000000 2040.000000 
		}
	}
	members={
		481 482 483 484 485 486 487 488 489 490 491 492 493 494 495 496 497 498 499 500 501 502 741 830 831 834 926 927 928 1516 1881 2535 2536 2654 2655 2656 2658 2659 2805 2807 2808 2809 2810 2813 2939 4602 4609 4612 4613 4618 4619 4620 4621 4622 4623 4624 4626 6508 6509 6510 6511 6512 6513 6514 6515 6516 6517 6518 6519 6520 6521 6598 
	}
}
chesapeake_bay={
	location=1500
	color={
		193 26 14 
	}
	outgoing={
		name="st_lawrence"
		path={
			965 963 969 2012 986 1490 
		}
		control={
			1583.000000 1668.000000 1665.000000 1711.000000 1717.000000 1767.000000 
		}
	}
	outgoing={
		name="english_channel"
		path={
			1570 1572 1582 1568 1564 1563 
		}
		control={
			1812.000000 1679.000000 2144.000000 1807.000000 2377.000000 1840.000000 2559.000000 1837.000000 2651.000000 1853.000000 2668.000000 1880.000000 
		}
	}
	outgoing={
		name="irish_sea"
		path={
			1284 
		}
		control={
			1590.510010 1656.439941 1797.000000 1705.000000 2163.000000 1822.000000 2373.000000 1859.000000 2515.000000 1865.000000 
		}
	}
	outgoing={
		name="north_sea"
		path={
			1975 
		}
		control={
			1624.000000 1671.000000 1912.000000 1749.000000 2094.000000 1807.000000 2266.000000 1848.000000 2413.000000 1892.000000 2519.000000 1965.000000 2529.000000 1991.000000 2597.000000 2034.000000 
		}
	}
	members={
		929 930 931 932 933 936 937 938 949 950 951 952 953 954 955 956 957 4872 959 960 961 962 963 964 965 966 967 968 969 970 1500 2010 2023 2537 2538 2539 2541 2542 2543 2544 2545 2546 2547 2548 2550 2551 2552 2553 2554 2555 2556 2557 2558 2559 2560 2561 2562 2563 2564 2639 958 6604 6605 6606 6609 4889 4879 6618 
	}
}
james_bay={
	location=1486
	color={
		97 220 117 
	}
	outgoing={
		name="st_lawrence"
		path={
			1000 1002 992 993 990 994 1490 
		}
		control={
			1376.000000 1911.000000 1386.000000 1882.000000 1399.000000 1874.000000 1403.000000 1864.000000 1412.000000 1860.000000 1419.000000 1851.000000 1425.000000 1841.000000 1422.000000 1837.000000 1424.000000 1830.000000 1429.000000 1827.000000 1429.000000 1822.000000 1431.000000 1818.000000 1430.000000 1809.000000 1435.000000 1807.000000 1444.000000 1812.000000 1453.000000 1810.000000 1467.000000 1801.000000 1457.000000 1793.000000 1450.000000 1784.000000 1448.000000 1777.000000 1447.000000 1766.000000 1452.000000 1757.000000 1460.000000 1759.000000 1469.000000 1760.000000 1486.000000 1757.000000 1531.000000 1788.000000 1567.000000 1820.000000 1630.000000 1831.000000 
		}
	}
	members={
		998 999 1000 1002 1003 1004 1005 1006 1008 1009 1010 1011 1486 1804 1805 1806 1807 1811 1812 2016 2017 2018 2511 2589 2590 2591 2592 2594 2596 2597 
	}
}
st_lawrence={
	location=1490
	color={
		193 192 14 
	}
	outgoing={
		name="north_sea"
		path={
			1493 1496 1497 1498 1478 1476 1282 1975 
		}
		control={
			1833.000000 1744.000000 2103.000000 1814.000000 2403.000000 1892.000000 2556.000000 2039.000000 2627.000000 2067.000000 
		}
	}
	outgoing={
		name="bordeaux"
		path={
			1491 1494 1495 1565 1564 1479 1563 
		}
		control={
			1907.000000 1673.000000 2153.000000 1793.000000 2441.000000 1798.000000 
		}
	}
	outgoing={
		name="irish_sea"
		path={
			1284 
		}
		control={
			1748.000000 1777.000000 1912.000000 1773.000000 2098.000000 1826.000000 2338.000000 1877.000000 2434.000000 1918.000000 2500.000000 1960.000000 2545.000000 1942.000000 
		}
	}
	members={
		971 980 981 982 983 984 985 986 990 992 993 994 995 996 997 1104 1105 1490 2012 2013 2565 2566 2567 2568 2569 2570 2571 2572 2573 2574 2575 2576 2577 2578 2579 2580 2581 2582 2583 2584 6620 
	}
}
bordeaux={
	location=1276
	color={
		36 132 247 
	}
	outgoing={
		name="champagne"
		path={
			1275 172 178 184 185 
		}
		control={
			2643.590088 1766.459961 2643.000000 1784.000000 2637.000000 1788.000000 2653.000000 1794.000000 2662.000000 1801.000000 2669.000000 1801.000000 2673.000000 1800.000000 2684.000000 1810.000000 2692.000000 1814.000000 2698.000000 1814.000000 
		}
	}
	outgoing={
		name="lowlands"
		path={
			1275 1274 1272 1271 1269 97 
		}
		control={
			2597.000000 1777.000000 2602.000000 1790.000000 2611.000000 1788.000000 2621.000000 1792.000000 2638.000000 1803.000000 2648.000000 1829.000000 2660.000000 1838.000000 2668.000000 1852.000000 2682.000000 1855.000000 2692.000000 1861.000000 2705.000000 1865.000000 2701.000000 1876.000000 
		}
	}
	outgoing={
		name="english_channel"
		path={
			1270 
		}
		control={
			2559.000000 1797.000000 2566.000000 1827.000000 2651.000000 1853.000000 2668.000000 1880.000000 
		}
	}
	outgoing={
		name="valencia"
		path={
			174 3689 4112 196 4694 4695 197 212 213 1295 
		}
		control={
			2624.000000 1750.000000 2629.000000 1741.000000 2637.000000 1738.000000 2644.000000 1732.000000 2654.000000 1727.000000 2661.000000 1718.000000 2680.000000 1714.000000 2683.000000 1693.000000 2669.000000 1683.000000 
		}
	}
	outgoing={
		name="irish_sea"
		path={
			1284 
		}
		control={
			2562.570068 1787.920044 2541.000000 1819.000000 2541.000000 1858.000000 2553.000000 1897.000000 
		}
	}
	members={
		169 170 171 172 173 174 175 176 177 178 180 194 195 196 198 209 210 1276 2989 3671 3672 3688 3689 3690 3691 3692 3693 3704 3706 3713 3714 3715 3716 3809 3816 4111 4112 4384 4386 4387 4694 4697 6373 6378 6393 6394 6398 6408 6409 6385 3695 4385 6382 6384 168 1879 3676 6194 6397 6195 167 6379 6383 3677 3718 3717 6432 6433 6434 6435 6436 
	}
}
irish_sea={
	location=1284
	color={
		22 155 198 
	}
	outgoing={
		name="english_channel"
		path={
			1270 
		}
		control={
			2593.000000 1909.000000 2613.000000 1887.000000 2636.000000 1887.000000 
		}
	}
	outgoing={
		name="north_sea"
		path={
			1975 
		}
		control={
			2589.000000 1926.000000 2622.000000 1939.000000 2643.000000 1957.000000 
		}
	}
	members={
		1284 372 4380 6886 6887 6888 6889 4121 6878 6879 6880 6881 253 4364 4365 373 374 4120 4377 4379 6883 6885 376 3737 3738 4119 6882 375 3736 4118 4378 6884 6890 6891 249 3732 4362 244 247 3727 4375 6430 240 4372 4376 6427 6431 233 239 3722 4130 4373 4374 242 6872 6873 3728 4366 6876 6877 241 3726 4369 6874 6875 
	}
}
north_sea={
	location=1975
	color={
		117 165 188 
	}
	outgoing={
		name="english_channel"
		path={
			1270 236 
		}
		control={
			2679.000000 1938.000000 
		}
	}
	outgoing={
		name="lubeck"
		path={
			1266 1267 1259 1258 45 
		}
		control={
			2718.000000 1953.000000 2751.000000 1957.000000 2780.000000 1957.000000 2796.000000 1953.000000 2804.000000 1952.000000 2809.000000 1942.000000 2806.000000 1934.000000 2815.000000 1929.000000 
		}
	}
	members={
		10 20 21 23 24 246 248 250 251 252 369 370 371 1266 1280 1281 1282 1929 1975 1978 1979 2752 3729 3730 3731 3733 3734 3735 3954 3955 4110 4145 4146 4153 4361 4363 6642 6643 6644 6645 6943 6945 
	}
}
lubeck={
	location=45
	color={
		190 70 70 
	}
	outgoing={
		name="lowlands"
		path={
			1857 
		}
		control={
			2788.000000 1926.000000 2780.000000 1918.000000 2770.000000 1918.000000 2738.000000 1925.000000 2720.000000 1916.000000 2716.000000 1901.000000 2722.000000 1891.000000 
		}
	}
	outgoing={
		name="english_channel"
		path={
			1857 44 1268 1270 1744 
		}
		control={
			2823.000000 1931.000000 2834.000000 1938.000000 2832.000000 1962.000000 2790.000000 2009.000000 2750.000000 1964.000000 2712.000000 1920.000000 
		}
	}
	members={
		6 7 12 13 14 15 16 17 22 26 44 45 46 47 48 54 55 1775 1857 1858 1874 1981 1982 1983 1984 2994 2995 2996 3940 3945 3947 3948 3949 3950 3951 3952 3953 3960 3961 3962 3963 3964 3965 4141 4142 4143 4144 4149 4163 4164 4165 4745 4746 4749 4771 6253 6437 
	}
}
sevilla={
	location=1293
	color={
		57 160 101 
	}
	outgoing={
		name="valencia"
		path={
			1294 1295 
		}
		control={
			2610.000000 1591.000000 
		}
	}
	members={
		206 207 208 215 216 217 218 219 221 222 223 224 225 226 227 228 229 230 231 232 334 335 366 367 368 1293 1745 1746 1747 1748 1749 1751 1851 2751 2754 2755 3113 3747 3748 3749 3750 3800 3801 3802 3803 3804 3805 3806 3811 3812 3817 3818 3819 3823 3896 4150 4546 4547 4548 4551 4552 4553 4554 4555 4556 4558 4561 4565 4787 4788 4789 6008 6248 6249 6250 6251 6252 6363 6442 6443 6444 6445 6446 6447 6448 6457 
	}
}
genua={
	location=1298
	color={
		218 215 56 
	}
	outgoing={
		name="champagne"
		path={
			101 3788 4728 103 3755 205 3684 203 6387 3703 3697 192 6376 4390 186 
		}
		control={
			2774.000000 1739.000000 2770.000000 1750.000000 2752.000000 1759.000000 2749.000000 1757.000000 2744.000000 1754.000000 2735.000000 1760.000000 2727.000000 1754.000000 2722.000000 1755.000000 2713.000000 1750.000000 2712.000000 1768.000000 2716.000000 1778.000000 2716.000000 1791.000000 2707.000000 1801.000000 2704.000000 1810.000000 
		}
	}
	outgoing={
		name="valencia"
		path={
			1296 1297 
		}
		control={
			2707.000000 1694.000000 2670.000000 1673.000000 
		}
	}
	members={
		101 102 103 115 116 117 118 121 123 124 125 126 127 201 202 1247 1297 1298 1875 1934 2978 2979 2980 2981 2982 2983 2984 2986 2991 2992 3669 3670 3674 3686 3702 3707 3708 3719 3751 3754 3755 3758 3771 3775 3776 3777 3780 3782 3783 3784 3785 3788 3795 3796 3798 4696 4727 4728 4732 4734 4735 4736 4737 6187 6196 6375 6395 6453 6760 6761 6762 6763 6922 6923 6924 
	}
}
valencia={
	location=1295
	color={
		87 70 168 
	}
	outgoing={
		name="champagne"
		path={
			186 
		}
		control={
			2670.000000 1678.000000 2702.000000 1699.000000 2694.000000 1718.000000 2696.070068 1727.989990 2704.000000 1740.000000 2705.000000 1750.000000 2704.000000 1768.000000 2709.000000 1781.000000 2710.000000 1790.000000 2702.000000 1800.000000 2700.000000 1809.000000 
		}
	}
	members={
		197 200 211 212 213 214 220 333 1295 1750 2753 2987 2988 2990 3687 3820 3821 3822 4391 4549 4550 4557 4559 4560 4695 6381 6732 
	}
}
champagne={
	location=186
	color={
		193 26 14 
	}
	inland=yes
	outgoing={
		name="lowlands"
		path={
			181 3673 93 2974 3898 4770 99 98 97 
		}
		control={
			2710.000000 1835.000000 2709.000000 1842.000000 2712.000000 1846.000000 2713.000000 1851.000000 2719.000000 1853.000000 2725.000000 1857.000000 2726.000000 1862.000000 2732.000000 1869.000000 2727.000000 1876.000000 2717.000000 1875.000000 2710.000000 1876.000000 2708.000000 1881.000000 
		}
	}
	members={
		91 93 94 179 181 182 183 184 185 186 187 188 189 190 191 192 193 199 203 204 205 1742 1866 1867 1871 1877 3673 3678 3679 3680 3681 3682 3684 3685 3694 3697 3698 3699 3700 3701 3703 3709 3721 3741 4388 4389 4390 4392 4719 4720 4721 4764 4766 4776 4777 6189 6190 6191 6193 6197 6198 6374 6376 6377 6380 6386 6387 6388 6390 6391 6392 6396 6407 6410 6411 6840 6902 
	}
}
lowlands={
	location=97
	color={
		129 149 230 
	}
	outgoing={
		name="english_channel"
		path={
			1269 1270 
		}
		control={
			2692.000000 1898.000000 
		}
	}
	members={
		87 88 89 90 92 95 96 97 98 99 100 1742 1743 1744 1865 1931 2974 3675 3696 3720 3897 3898 3899 4381 4382 6921 4383 4769 4770 6186 6188 6389 6405 6406 6768 6769 6901 6903 
	}
}
english_channel={
	location=1270
	color={
		220 138 57 
	}
	members={
		234 235 236 237 238 243 245 1270 1860 1861 3723 3724 3725 3739 3740 4367 4368 4370 4371 4785 6428 6429 6440 6944 
	}
	end=yes
}
