#Example: Large parts of Africa and south east Asia
tropical = {
	# IPE Oceania
	4938 4937 4936 4935 4934 6737
	# IPE Africa
	1190 6221 4079 6232 6233 6234 6246 6245 798 6243 6227 4094 4093 4091 6236 6241 6240 6239 6238 6247 4103 4100 4101 4097 6229
	1171 6230 4082 4083 2948 6244 6235 4096 6237 4092 6231 6228 4098 4107 4099 4105 4109 6282 6288 6283 6284 6285 6286 6287 6290
	6289 6291 6292 6331 6332 6333 6334 1097 1306 1098 6273 6274 6266 6262 6261 6263 6264 6272 6268 6267 6265 6269 6270 6271 6276
	6277 6278 6279 6280 6281 6321 6319 6295 6294 6314 6315 6293 6316 6317 6318 6320 6322 6325 6326 6323 6324 6329 6330 6313 6312
	6307 6327 6328 6306 6303 6305 6302 6304 4020 6720 6721 6722
	# IPE New East Asia
	4821 3270 3279 4822 3343 4824 4823 3340 3355 4829 3353 3356 3347 3344 4826 3348 4828 4827 3357 4825 3350 3377 3376 3367 3369 4835 4834
	4831 4832 3359 3361 4830 6904 4836 3372 3370 3371 3373 3375 3378 3339 4840 3337 2381 615 3380 3383 4405 3389 3384 3393 3387 3385 3394
	2046 2045 3336 3374 3411 3410 3409 3407 3408 2085 538 4420 2083 3445 3438 3483 3439 3482 3446 3449 4438 1948 2035 3444 532 3479
	3478 3469 3435 3470 3436 3400 3399 3406 2027 3405 3481 3440 3480 3453 3442 3441 3437 4461 4462 3582 3585 3583 3586 3588 3022
	3589 3587 3023 4794 3024 3044 3045 3046 3043 3042 3040 3041 4817 3039 3036 3049 3048 3047 3035 3034 3062 640 3050 3051 3052 3055 3058
	4805 3060 3057 3053 3054 4801 3033 4813 4812 3029 3028 4814 3032 3025 4815 3071 3072 3073 3074 3075 3076 3077 3078 3079 3080 4795 4798
	4797 4845 3067 3068 642 3070 3005 3006 3007 3613 2732 3081 3082 3083 3084 3085 3086 3087 3088 3100 3095 3096 3101 3097 3102 3098 3103
	3133 6542 6544 6548 6549 6550 6554 3412 6718 6733 6734 6735 6864 6865 6866 6867 6868 6869 6870 6871 4790 4791 4792 4800
	# IPE South America
	762 2834 4599 826 6492 4600 6487 824 2817 6489 763 2893 776 754 755 2921 2912 750 751 2918
	# IPE Caribbean
	4624 484 4622 4623 485 2656 2655 486 2654 487 488 4618 489 4619 2659 4620 490
	4621 492 493 1881 494 495 496 497 498 499 500 501 502 491 483
	482 2536 2634 2652 846 4591 4588 845 2650 2632
	2630 847 4581 849 2648 2627 851 4580 2657 4576 854 4578 855 2641 848
	6508 6509 6510 6511 6512 6513 6514 6515 6516 6517 6518 6519 6520 6521
	# IPE North America
	4590 6556 6557 6559 6558 2633 2651 6561 6563 6562 6566 6587 2647 6570 4598 6578 6593 6591 6568 6569 2645 6576 2535 6770 6771 6772 6773
	6779 6780 6781 6782 6783 6784 6787 6788 6947
	6774 6775 6776 6777
	# IPE India
	536 551 2056 2082 2101 4414 4434 4447 4452 4458 4471 4453
	# IPE Africa
	1203 1204 1227 2756 2757 2758 2759 2763 2771 2772 2796 4090 6085 6087 6088 6093 6095 6096 6103 6129 6130 6133 6134 6131
	6055 6056 6057 6058 6059 1218 6102 6125 6128 6138 6140 6141 6148 6155 6179 6181 6182 6180 6169 6178 6177 6175
	6176 6172 6171 6173 6174 6200 6209 6210 6218
	# Southwest Africa
	1164 1165 1166 1169 1170 1901
	2949
	# North and West Africa
	1114  1117 1118 1119 1120 1121 1122 1124 1125
	1126 1136 1137 1138 1139 1140 1141 1143 1144 1145 1146 1147
	1150 1151 1152 1153 1154 1155 1160 1161 1162 1163 1249
	# More West Africa
	2238 2242 2248 2250 2252 2254 2256 2258 2266 2290 2292 2294
	2241 2249 2253 2255 2257 2267 2281 2285 2289 2291 2293 2295
	# Africa
	788 1182 1183 1186 1187 1192 1195 1196 1197 1198 1199 1200 1201 1202 4049
	# India
	516 517 526 527 529 530 531 534 535 537 539 540 542 543 546 547 548 549 552 553 561 564 568 572 574 6742
	1947 2026 2028 2029 2030 2037 2038 2039 2043 2048 2049 2050 2057 2080 2081 2084 2089 6741 2092 2099 2100 4407 4408 4409
	4410 4413 4415 4416 4417 4418 4419 4425 4427 4429 4430 4433 4439 4441 4442 4443 
	4444 4445 4446 4448 4450 6744 4451 4460 4473 4474 4475 4476 4477 4478
	#China
	666 738 2160 
	# Pacific Islands
	1235 1236 1237 1238 1239 1240 1241 1242 1243 1244 1245 1986 1987 1988 1989 1990 1991 1992 1993 1994 1995 1996
	1997 1998 1999 2718 2719 2720 2721 2722 2723 2724
	# Indonesia
	617 4810 619 620 621 622 623 624 625 626 627 628 629 630 631 632 633 634 635 636 637 638 639 4802 641 4796 643 644
	645 646 647 648 649 650 651 652 653 654 655 656 657 658 659 
	2373 2374 2375 2376 2377 2378 2379 2380 2382 2383 2384 2385 2386 2387
	2388 2389 2390 2391 2392 2393 2394 2398 2399 2401 2402 2403 2404
	#More Indonesia
	2673 2674 2675 2676 2677 2678 2679 2680 2681 2682 2683 2684 2685 2686 2687 2688 2689 4793 2691 2692
	2693 2695 2696 2697 2698 2699 2700 2701 2702 2703 2704 4804 2706 2707 2708 2709 2710 2711 2712
	2713 2714 2715 2716 2717 2725
	4348 4349 4350 4351 4352 4353 4354 4355 4356 #Philippine additions
	# Parts of Australia
	2728 2729 2730 2731
	# Amazonas and others
	747 748 800 803 815 822 2811 2815 2823 2889 2890 2902 2906 2923 2929 2930 2931 2933 2934 2935 2943 2944 2926 2928
	759 765 2891 2892 2898 2899 #Minas Gerais
	2907 #Goias
	2881 2920 #Mato Grosso
	756 757 760 761 2914 2916 #Bahia
	749 752 2886 2924 2925 2927 #Maranhao
	741 742 743 830 831 834 2803 2804 2805 2807 2809 2810 2813 2939 #Venezuela
	828 829 #New Andalucia
	744 745 746 2937 2938 #Guyana
	#Central America
	835 836 837 838 839 840 841 843
	2635 2636 2637 2638 2640 2649 2653 2660 2661 2662 2663 2664
	2819
	# South East Asia
	606 607 4839 609 610 611 612 614
	567 579 584 585 586 589 590 591 592 593 594 595 596 597 598 599 4393 4394 4395 4396 4398 4399 581
	600 601 602 603 604 605 1016 1823 1817 1022 1815
	# Wasteland
	1789 1796 1797 1798 1802 1803 2740
	1194 4021 4022 4023 4024 4025 4026 4029 4031 #Madagascar
	4034 4038 4039 #Zambezi & Congo
	4047 4061
	4062 4063 4064 4065 4066 4067 4068 4069 4070 4071
	4074 4075 4076 4077 4078 4081
	4085 4087 4086 4088 4089 
	#New Spanish Main
	2812 2814 4585 4586 4587 4589 4592 4593 4594 4595 4597 4602 4609 4612 4613 4614
	# IPE South America
	775 6468 6472 818 2820

}

arid = {
	# IPE New Arabia
	4053 6023 6024 6025 6026 6027 6029 6030 6031 6033 6034 6035 6036 6037 6038 6039 6040 6041 6042 6044 6144 6145 6146 6156 6157 6158 6159
	6258 6259 6257 2278 6299 6298 6297 1149 6300 2280 2283 6308 6364

	# IPE New Africa
	6021 3999 6012 2954 6002 6007 6003 6045 6048 6049 6050 6051 6052 6053 6054 6060 6061 6062 6063 6064 6065 6066 6075 6076 6091 6092 6104 6105
	6110 6114 6115 6116 6117 6118 6119 6120 6124 6126 6132 6108 6109 6123 6142 6275 6337 6338 6339 6341 6342 6344 6346 6345 6358 6359
	6260 6340 6301 6311 6310 6347 1096 366 4565

	# IPE New East Asia
	3434 2052 4456 3476 521 4454 515 2051 4455 3473 2053 3471 2054 3475 4457 4512 2067 4411 520 4463 4412 4511 3429
	2077 3461 3431 519 4464 2087 4501 2058 3474 4480 3472 3404 533 4421 2031 3402 1949 3401 4423 4424 2090 4436 6743 4510 3433 3432 578
	3450 3452 3451 3511 3509 4324 446 3465 450 3464 2227 3463 3462 2225 3467 448 3466 3468 3531 3529 3530 4500 4422 4426 541 2032 2033
	4431 1946 2034 4432 451 2226 1967 3517 3516 3515 3518 458 3520 3527 2364 2125 3499 2221 4326 3498 4325 3507 4304 416 2207 3500 424
	4300 2312 4338 428 2213 4337 4335 429 3492 4171 3491 421 3505 4299 4305 3513 3504 3510 412 4289 4290 3512 4342 2217 430 4331 3490
	4332 2223 2219 431 2999 2214 2236 2212 414 2218 4329 4330 408 3497 3506 3548 3547 4291 3543 410 3545 4294 415 2310 4293 411 2309
	3544 3550 3557 3556 398 399 400 4286 2209 3561 364 4428 569 4435 544 545 4437 3443 3523 3113 3817 1750 2366 474 3641 464
	3656 2417 2208 2199 6532 6533 6534 6535 6536 6537 6538 6539 6540 6541 6543 6545 6546 6547 6551 6552 6553 6555

	# IPE Mesopotamia
	406

	# IPE North Africa
	4567 2473 4566 2454 1110 348 2466 2464 4319 4320 2319 2317 359 4318 2315 361 4316 2316 4317 358 362 363 360 6414 6415 6416 6417 6418 6419 6420

	# IPE Spain
	221 222 4547

	# IPE Arabia
	1099 2346 4279 4282 390 4281 388 4280 387

	# IPE Mexico
	6582 2619

	# IPE South America
	799 2940 6503 794 2837 6465 2845 2877 791 2843 6486 6476 2828 806 6481 809 2826 812 2822 2821 816 2002 2872 2808 819 6484

	# IPE Central Asia
	713 4683 714 2119 715 4208 2120 459 1969 456 2361 477 2360
	476 2359 2358 2352 1970 440
	1973 2362 2370 443 439 465 471 469
	2353 2351 472 470 2367 2365 445 453 4343 454 4344 4693
	
	# IPE Mongolia Proper
	4219 721 4669 4221 720 4677 2193 2117 4680 4682 718 4681 4222

	# IPE North China
	4673 723 2114 4671 2747 4670 702 701 4223 709 4676 2191 708 2182 698
	2136 2215 4203 4672 722 4675

	# IPE South America
	805 796 793 2840 2841 792 2839 2847 2844

	# IPE Caribbean
	2806

	# IPE Australia
	1086 1088 3089 4865 4867

	# Persia
	427 432 433 434 435 436 438 447 455 575 576 577 2220 2216 2222 2224 2229 2230 2231 2232 2233 2234 2235 4323 4327 4334 4336 4345

	# Arabia
	391 392 393 403 404 394 383 384 385 386 389 402 380 381 2327 2328 2329 2330 2331 2335 2336 2337 2338 2339 2340 2343 2344 2345 2347
	#New Provinces in Arabia
	395 397 401 405 407 409 2311 2314 2333 2341 2342
	4268 4269 4270 4271 4272 4273 4274 4275
	4277 4278 4283 4284 4285 4287 4288 
	
	# Wasteland	
	1779 1794 1786 1790 1791 2200 2334
	
	# North Africa
	346 347 349 350 352 353 355 365 1111 1128 1131 1132 1133 1134 1135 1127 2318 2320 2321 2322 2324 2325 2326 2449 2450 2453 2456 2457 2460 2472 2475

	#The Sahel
	1112 1113 1115 1116 1123 1129 1130 1142 1148 1156 1157 1158 1159
	2237 2240 2243 2244 2245 2246 2247 2259 2260 2261 2262 2263 2264 2265 2268 2269 2270 2271 2272 2273 2274 2275 2276 2277 2279 2282 2284 2287 2288 2239
	
	# East Africa
	774 1216 1219 1221 1233 1231 1232 1234 1206 1207 1209 1212 1215 1217 1220 1222 1225
	1226 1228 1229 1230 2024
	2778 2779 2792 2789 2790
	2764 2765 2932
	2773 2780 2781 2782 2783 2784 2785 2786 2788 2795 2797 2798 2799 2800 2801 2802
	4033
	
	# Namibia
	1174 1175 1176 1801 2864
	
	# Central Asia 
	437 441 442 444 1784 1785 2349 2350 2363
	
	#Tarim Basin
	707 710 711 712 739 2121 2122 2123 2124 2192
	
	# India
	503 504 505 506 512 513 514 2088 2064 2066 2068 2072 2078 2079 2086 4502 4503 4504 4505 4506 4507 4508 4509 4513
	
	# Northern Mexico
	862 863 864 865 866 867 876 877 1808 859
	
	# North America changes
	2491 2498 2616 2618 2620
	
	#Australia
	2727
	
	#Patagonia
	786
	
	#Southern Pampas
	2865
	
	#Kenya & Tanzania
	4052
	
	#Madagascar
	1193 4028 4032
	
	#1.20
	4206 4207 4209 4210

	#New Mesoamerica
	4577 4606 4639 4649
}

arctic = {
	# IPE East Asia
	2129 3521 2130 677 4517 2074 3427 6745 6790 2073 3458 3456 3460 3290 3525 2133 3524 2131 2132 1958 4259 4129 3158 3157 3150
	3154 3153 3149 3148 3147 3186 3142 3140 3135 3134 3136 3143 2135 6639 6791 6799 6800 6803

	# IPE North America
	986 2582 1002 1000 1003 2015 2590 2603 2604 2605

	# Siberia
	1034 1035 1036 1037 1038 1039 1040 1041 1042 1043 1044 1045 1046 1047 1051 1052 1054 1055 1059 1061 1062 1064 1067 1068 1069
	1070 1072 1073 1077 1078 1080 1963 1964 1033 2427 2425 2426 1780 2445 2428 2429 2433 2430 2432 2443 
	2431 2436 2442 2437 2435 2446 2438 2439 2440
	4658
	
	# North America
	977 978 979 
	996 997 998 999 1004 1005 1006 1009	
	2591 2594 2592 2579 2577 2576 2578 2575 2574 2611 2612
	
	#Tibet & Manchuria
	676 705 706 1048 2102 2103 2128 2134 4204 4205
	4514 4515 4516 4518 4519 4520 6792 6801
	
	# Wasteland
	1781 1782 1783  1787 1804 1805 1806 1807 1810 1811 1812 1814
	
	# The Cold North
	370 371 1104 1105 21 18 1777 1776 315 1955 4113 4114 4151 4152 4256 4257 4258

	# South Georgia
	2025
}

#Example: Most of Europe north of med.
mild_winter = {
	# IPE New Europe
	3816 3690 3672 3671 4694 3806 3727 4785 3725 3724 3723 3739 3740 3722 3728 3726 3695 3716 3715 3714 3713 3706
	3677 3676 3678 4776 3693 3692 3691 3689 3688 3687 4777 3679 3704 4697 3717 3718 3675 3694 3720 3682 3680 3681
	3721 3699 4764 3697 3698 3703 3684 4739 4740 3789 4728 3757 3764 3696 4769 3897 3709 3673 4766 3701 3700 4770
	3898 3859 4751 3864 3866 3867 4756 3651 3650 3649 463 3183 3951 3950 3947 3948 3949 3952 3953 3899 3960 3961
	3962 3835 4704 1756 3892 3893 3512 3990 3992 4771 3891 3660 468 288 2409 3674 4755 4757 3842 3841 3843 3868 3849
	3844 4703 3834 6186 6188 6189 6190 6191 6193 6194 6195 6197 6198 6394 6387 6386 6392 6393 6373 6380 6379
	6382 6384 6397 6383 6388 6377 6376 6391 6390 6396 6385 6378 6389 6398 6405 6406 6407 6408 6409 6410 6411 6427
	6428 6429 6430 6431 6432 6433 6434 6435 6436 6439 6440 1874 6450 6451 6452 6449 6453 3850 4706 6840 6872 6873
	6874 6875 6876 6877 6896 6900 6901 6902 6903 6769 6768 3766 3351 3807

	# IPE New East Asia
	3253 3190 3191 3212 3213 3281 3283 3193 3282 3192 3194 3214 3196 3278 3277 3226 3229 3331 3320 3321
	3228 3215 3211 3198 3216 3217 3236 3274 3258 3297 3298 3397 4403 3312 3332 3330 3309 3329 3327 3310
	3308 3304 3303 3325 3319 3519 4493 509 4449 3529 3592 3531 436 3507 3570 3569 3571 3558 3008 3012
	3514 3504 3505 3493 3494 3492 3491 4293 3093 3107 3105 3108 3111 3112 3115 3128 3629 6216 6205 6360 6361
	6639 6704 6706 6723 6724 6725 6726 6727 6728 6729 6730 6799 6800 6803 6852 6853 6854 6856 6857 6858 6859
	6860 6861 6862 6863

	# IPE New Africa
	1189 6215

	# IPE South America
	2940 6503 6502 6506 802 6504 6501 6474 6499 6475 6498 6500 6478 6497 6477 6488 6480

	# IPE North America
	949 2527 2544 6609 6613 4914 6615 4879 6617

	# Scandinavia
  	6 12 13 14 15 26 1981 1982 1983 1984 4141 4142 4149 4165
	# German North Sea Coast
	44 54 55 1775 1931
	# The Low Countries
	87 88 89 90 91	92 93 94 95 96 97 98 99 100 1742 1743 1744 1866 1865 1878 2973 2974 2975 4381 4382 4383 6921
	# North and West of France
 	167 168 169 170 171 172 173 174 175 176 177 178 179 180 181 182 183 184 185 186 187 188 189 190 191 192 193 194 195 196
	198 199 203 204
	4384 4385 4386 4387 4388 4389 4390 4391 4392
	# North Coast of Spain
	206 207 209 1745 4554
	# Northern Italy
	103 104 107 108 111 1769 1862 1875 2979 2981
	# England
	233 234 235 236 237 238 239 240 241 242 243 244 245 1860 1861 4130
	4366 4367 4368 4369 4370 4371 4372 4373 4374 4375 4376 6944
	# Border with the Med
	139 140 141 150 152 1765 1766 2746 4176 4239 6757
	# Black sea coast
	159 268 282 284 285 286 287 2405 2406 2410 2411 2412 2413 2414 2447 4529 4530 6254 6255 6256
	#Anatolia & Iraq
	322 323 324 326 332 411 1848 2301 2308 2209 4289 4298 4292 4308 4311 4312 4313 
	# Central Iran
	415 418 419 420 421 425 427 429 446 447 739 4329 4330 4331 4335
	2235 4210 4324
	# Border of Steppe
	437 438 439 440 441 442 443 454 455 457 456 464 2349 2356 2362 2363 2370 2416 2417 2350
	# Greater China region
	678 689 693 695 696 697 698 699 700 701 703 704 708 709 713 715 726 1816 2112 2131 2132 2133 2135 2136 2138
	2169 2170 2177 2179 2180 2181 2182 2183 2184 6844 6845
	# Wintery bits of the west coast
	872 2482
	# West coast of Japan
	885 891 892 896 899 918 934 935 936 937 939 940 941 950 1018
	1826 1830 1831
	4183 4184 4185 4189 4191
	1019 1020 1021 1027 1028 1029 1030 1825 1832 1835 1839 1843 4359 4360
	# Wasteland
	1808
	#
	1774 129 131 1828 1827 1974 1973 1970 1969 1879 1877 3000
	# Persian Additions
	2195 2199 2202 2205 2208 2214 2216 2218 2224 2229 2230 2232 2236 4171
	# North America changes
	894 952 873 874 938 972 973 2496
	2514 2515 2526 
	2545 2546 2547 2548 
	#China
	690 691 692 694 2113 2137 2139
	3001 3002 
	4111 4112
	4194 4195 4198 4206 4207 4208 4211 4223
	2741 2745 4227 4228 #Korea
	
	
	#South America
	794 795 797 804 807 2829 2831 2836 2837 2838 2844 2861 2865 2942 2946 2947
	#South Africa
	1180
	#New Zeeland & Australia
	1109 1185 1246 2734
	
	# 1.29 Manchuria
	4652
}

#Example: Inland Europe & Scandinavia
normal_winter = {
	# IPE New Europe
	3736 3738 3737 3735 3730 3734 3731 3732 3729 3955 3956 3958 3652 3905 3906 3904 3903 3901 3902 3908 3900 3647 3156
	3865 3155 3943 3944 3945 3942 3941 3907 3909 3931 3930 3929 3182 3185 3662 4541 4723 3763 3921 3918 3928 3641
	3656 3657 3646 3712 3744 3980 3981 3711 3710 4714 4713 3979 3989 3978 3976 3975 3974 4707 3973 4709 3752 4725 3705
	3756 4724 3753 4726 3762 3760 3761 3922 3920 3923 3924 3991 4775 4768 3987 3993 3994 3986 4767 3984 3983 3985 3982
	4718 3664 3663 4715 4711 3977 4760 3857 4762 4761 3856 132 128 3872 3860 3861 3869 3870 3874 3875 3876 3873 3877
	3878 3879 3871 3880 3881 3895 3886 3885 3884 3890 3889 3888 3887 3914 3894 3648 3659 3181 3127 2107 4660 2106 4712
	3988 3996 3995 3667 4772 3998 4742 3997 4773 4741 3668 3967 3968 3969 4774 3970 4716 3972 4717
	3966 3666 3665 4746 4747 3963 4745 4749 3965 4786 3964 2418 3640 3643 3642 3644 3637 3645 3658 3926 3925 3919 3916
	3917 3915 3927 3910 3911 3912 3913 3184 3661 4743 3971 3882 3883 2115 6199 6412 6413 6437 3855 3836
	3848 3854 6642 6643 6644 6645 6755 6758 6759 6793 6838 6839 6841 6842 6843 6878 6879 6880 6881 6882 6883 6884 6885
	6886 6887 6888 6889 6890 6891 6894 6895 3368 3066 3090 3091 6603 6614 6906 6907 6908 6909 6910 6911 6912 6913 6914
	6915 6916 6917 6918 6919 6920 6925 6926 6927 6928 6929 6930 6931 6932 6933 6897 6898 6899 6934 6939 6943 6945 6948
	6949 6950 6951 6952 6953 6954

	# IPE New East Asia
	3290 3299 3326 3301 3306 3305 3300 3307 3318 3316 3496 3525 3524 3463 3464 3465 3530 3498 3517 3516 3515
	3499 4315 1846 3542 3541 3534 3536 3513 3546 4491 4485 3455 3457 3495 3501 3528 3527 2217 2120 2420 706
	508 1872 1868 3104 3109 3110 3114 3116 3117 3118 3119 3120 3121 3122 3123 3124 3125 3126 3733
	3770 4727 3940 4663 6211 6217 6348 6349 6350 6352 6646 6647 6648 6649 6754 6846 6847 6848 6849 6855

	# IPE South America
	6465

	# IPE North America
	875 878 948 2520 2523 2524 2525 958 6604 6605 6606

	# Scandinavia
	1 2 3 4 5 7 8 9 16 17 22 23 24 25 27 28 29 35 36 37 38 39 1930 1985 4123 4143 4144 4145 4163 4164 4166
	# The Baltic Coast
	40 41 42 43 45 46 47 48 767 770 771 2993 2994 2995 2996 6253
	# Inland Germany
	49 50 51 52 53 56 57 58 59 60 61 62 63 64 65 66 67 68 69 70 71 72 74 75 76 77 78 79 80 81 82 83 84 85 86 1757 1758 1759 1760
	1761 1762 1763 1858 1857 1859 1876 1880 4765 2955 2956 2957 2958 2959 2960 2961 2962 2963 2964 2965 2966 2967 2968 2970 2969 2971 2972 2991
	# Austria and the Balkans
	133 134 135 153 154 155 156 157 158 160 161 162 1767 1770 1772 1863 1864 2998 1318 4125 4126 4127 4128
	4173 4155 4236 4240

	# Scotland
	246 247 248 249 250 251 252 253
	# Poland and Lithunania
	254 255 256 257 258 259 260 261 262 263 264 265 266 267 269 270 271 272 273 274 275 276 277 278 279 280 281 283 289 290 2424
	291 292 1771 2407 2997 4115 4237 4238
	
	4241 4242 4244 4246 4247 4361 4362 4363 4364 4365
	
	4523 4524 4525 4526 4527 4528 4531 4532 4533 4534 4535 4536 4537 4538 4539 4540 4542 4544 4545
	# Britain
	372 373 374 375 376 4118 4119 4120 4121 4377 4378 4379 4380
	# The not quite so cold parts of the Steppe
	465 466 469 470 471 472 473 474 475 476 477 478 479 480 2359 2364 2441 2444
	# Mountains in Afghanistan
	444 445 450 453 578 4325 4326 4343 4344 
	#Mongolia
	459 461 702 705 714 720 722 723 725 728 730 2108 2109 2110 2111 2114 2117 2118 2119 2125 2126 2187 2188 2190 2191 2747 2134 2193
	# Siberia
	4204 4684 4692
	# Cold bits of the west coast
	890 898 902 943 946 947 951 954 955 956 957 4872 959 960 961 962 963
	964 965 966 967 968 969 970 982 983 984 985
	#
	1954 1951 1952 1953 1940 1939 1841 1938 1935 1936 1937 1842 1834 1960 1941 1942 1943 1944 1945 1965 1966 1967 1968
	1971 953 2023 2010 2013 
	# Persian Additions
	449 2196 2211 2215 2221 2227 2228 4177
	413 428 2210 2213 4294 4295 4299 4303 4305 4310 4314 
	4337 4342
	# Eastern Anatolia & Iran
	2305 4170 4178
	# Central Anatolia
	329 2300 2303
	# Modified NA
	900 916 917 942
	2519 2550 2551 2552 2553 2554 2555 2556 2557 2558 2560 2561 2562 2566 2568 2569 2570
	2484 2485
	2365 2367 2366 2357 2354 2360 2355 2368 2361 2358 2352 2351 2353 2639
	4110 
	1023 1024 1025 1026 1837 4188 4192 #Japan
	#1.20
	4200 4201 4202 4203 4221
	732 733 734 735 736 737 1013 1845 2694 2742 2744 4229 4230 4231 #Korea
	#South America
	1095 2847 2872 2873 2877 
	2876 791 2843 2845 
	# 1.29 Manchuria
	4661 4653 4657 4674
	4669 4671 4673 4677 4678 4680 4682 4683 4675 4672 4670 4676
}

#Example: Russia & Lappland
severe_winter = {
	# IPE New Europe
	3821 3822 3683 3745 4722 3743 4721 4719 3741 4710 4758 4763 3765 4759 3957 3150 3186 3137 3141 3142 3143 3144 3135 3632 3136 3146
	3685 3755 3946 3954 3939 3167 3654 3168 3169 3177 3178 3165 3164 3188 3163 3161 3162 3159 3160 3633 3158 3157 3149 3148 3147 3145
	3140 3138 3134 3959 3742 4720 3154 3153 3152 3151 3173 3176 3174 3175 3936 3933 3935 3932 3172 3189 3937 3938 3634 3653 3655
	3139 3010 3639 3638 3166 3170 3179 3636 3180 1050 3746 3858 3934 3106 3635 467 1065 2434 1060 1063 1057 1056 3129 4658 1033 4655
	1850 3171 3187 4543 34 4656 6086 6046 6047 6032 6028 6374 6375 6403 6404 4306 3269 3280 3341 3342 3349 3358 3094 6610 6616
	# IPE New East Asia
	3334 2197 3396 3427 3458 3456 3460 3467 3432 3468 3526 3538 3537 3533 3532 3539 3540 3462 3466 3518 3520 3597 3459 3426
	2069 3500 2204 3535 3009 4520 2128 3521 4516 4515 2129 4514 4518 676 4519 3626 3627 3628 3630 3631 6343 6792
	4492 511 6223 6224 6353 6225 6226 6222 3595 6163 6164 6165 6150 6482 6151 6154 6160 6167 6168 6170 6220 6166 6791 6801
	3056 3059 3596
	6836 6850 6851
	# IPE North America
	889 905 915 944 2513 6599 6601 4889 6619 6620 6625 987 2670 989 2585 993 2584 6937
	# IPE South America
	6630
	# Scandinavia
	10 11 18 19 20 21 30 31 32 33 2752 4113 4114 4124 4129 4146 4151 4152 1978 1979 3314 3315
	# The Alps
	73 110 165 166 205 1768 1867 1869 1870 1871 1873
	# The Pyraneese
	210 211 2987 6732
	# Mother Russia
	293 294 295 296 297 298 299 300 301 302 303 304 305 306	307 308 309 310 311 312 314 315 1752 1753 1754 1755 1776 1777 1778 2408 2102 2103 1048 2415 2749 4116 4117 4147 4148
	4243 4245 4248 4249 4250 4251 4252 4253 4254 4255 4256 4257 4258 4259 4260 4261 4262 4263 4264 4265 4266 4267
	# The Cold North
	369 370 371 1104 1105
	# Hindukush & Afghanistan
	448 451 452 458
	# India
	554 557 565 1788 2070 2073 2074 2071 4481 4482 6804
	# Siberia
	1034 1035 1036 1037 1038 1039 1040 1041 1042 1043 1044 1045 1046 1047 1051 1052 1054 1055 1059 1061 1062 1064 1067 1068 1069
	1070 1071 1072 1073 1074 1075 1076 1077 1078 1079 1080 1081 1082 1083 2419 2421 2422 2423 2425 1780 2426 2427
	2428 2429 2433 2445 2432 2443 2430 2431 2436 2437 2442 2435 2446 2438 2439 2440
	4688 4689 4690
	# The Caucasus
	422 423 462 1856 2207 4156 
	# Manchuria & Mongolia & Xinjiang
	460 716 717 718 719 721 724 727 729 731 1049 1066 1053 1058 2104 2105 2116 2127 2185 2186 2189
	# Tibet
	677 2130
	4517 6745 6790
	# Alaska
	974 975 976 977 978 979 1809 903 904 907 908 909 910 911 912 945 988 990
	991 992 986 994 995 996 997 998 999 1000 1001 1002 1003 1004 1005 1006 1007 1008 1009 1010 1011
	# Wasteland
	1781 1782 1783 1785 1804 1805 1806 1807 1810 1811 1812 1814 1784 1787 2194 4153
	4154 4157 4159 4160 4161 4162
	#
	1961 1959 1957 1956 1958 1955 1964 1962 1963 1972
	2003 2004 2006 2007 2008 2018 2017 2015 2016 2022 
	# Persian Additions
	331 414 416 424 2206 2212 2306 2307 4296 4300 4301 4302 4304
	2198 2200 2201 2203 2225 2226 4172 4179 4338
	# North America additions
	913 914 971 980 981
	2012 2019 2020 2483 2486 2487 2488 2501 2502 2503 2506 2511 2512 2517 2518 2521 2522 2559 2563 
	2564 2565 2567 2571 2572 2573 2574 2575 2576 2577 2578 2579 2580 2581 2582 2583 2586 2587 2588 2589 2590 2591 2489 2490
	2592 2593 2594 2596 2597 2603 2604 2605 2607 2608 2609 2610 2611 2612 2613 2625 2671 6935 6938
	#1.20
	4205 4214 4215 4216 4217 4218 4219 4220 4222
	2743 4232 #Korea
	1031 1032 1847 1852 4131 4193 #Northern Japan
	# South Georgia
	2025
	# 1.29 Manchuria
	4662 4668 4659 4666 4667 4679 4681 4664 4665
}

impassable = {
	455

	2426 1779 1781 1782 1783 1784 1785 1786 1787 1788 1789 1790 1791 1794 1796 1797 1798 1801 1802 1803 1804 1805
	1806 1807 1808 1810 1811 1812 1814 1950 2194 2200 2251 2334 2608 2740 2425 2936 3590 3591 3592 3593 3594 3595 
	3596 3597 3598 3599 3624 3625 3626 3627 3628 3629 3630 3631 3632 3633 4146 4153 4154 4155 4156 4157 4159 4160
	4161 4162 4167 4168 4170 4172 4177 4178 4179 4276 4321 4322 4328 4400 4401 4402 4403 4208 4522 4569 4657 4763

	2129 2323 2876 3004 3005 3007 3008 3009 3010 3011 3012 3013 3014 3015 3016 3017 3018 3019 3020 3746 3766 3767 3768 3769 3770
	3799 3807 3808 3810 3813 3814 3815 3825 3836 3839 3845 3848 3852 3854 3855 3862 3959 3999 4041 6019 6028 6032 6043 6046 6047 6072
	6073 6074 6082 6086 6089 6100 6101 6107 6111 6112 6113 6127 6143 6150 6151 6153 6154 6160 6163 6164 6165 6166 6167 6168 6170
	6205 6211 6216 6217 6219 6220 6222 6223 6224 6225 6226 6296 6335 6336 6343 6348 6349 6350 6351 6352 6353 6360 6361 6459 6460
	6461 6464 6466 6469 6470 6473 6482 6491 6507 6560 6564 6565 6573 6574 6575 6584 6586 6600 6601 6696 6697 6698 6699 6700 6701
	6702 6703 6704 6705 6706 6739 6740 3021 3063 3064 3065 3069 3584 3056 3059 3061 3269 3280 3341 3342 3026 3027 3030 3031 3038
	3349 3351 3352 3354 3360 3362 3363 3364 3365 3368 3094 3358 3066 3090 3091 6603 6610 6614 6616 3606 3612 3346 6937 6942 6630

	#Deleted Provinces
	313 608 618 758 780 781 782 783 785 789 821 842 901 906 925 1173 1181 1273 1793 1795 1799 1800 1813 1916 2005 2009 2011 2036 2178 2369 2448 2474 2504
	2505 2507 2508 2509 2510 2534 2549 2595 2598 2599 2600 2601 2602 2606 2631 2672 2690 2705 2816 2832 2833 2856 2863 2867 2868 2869 2870 2871 2874 2875
	2880 2882 2888 2900 2901 2903 2904 2905 2908 2909 2910 2911 2919 2941 2945 4035 4036 4042 4043 4044 4046 4054 4055 4056 4057 4058 4059 4060
	4072 4073 4076 4077 4102 4104 4106 4108 4122 4136 4140 4168 4169 4322 4521 4583 4596 4601 4605 4607 4608 4610 4611 4614 4615 4616 4617
	4625 4627 4628 4629 4630 4633 4634 4636 4639 4644 4654 4685 4686 4687 4691 4708 4744 4748 4778 4781 4782 4783 4784 4799 4803 4806 4807 4808
	4809 4811 4816 4818 4819 4820 4833 4838 4841 4842 4843 4844 4846 4847 4848 4849 4850 4851 4852 4853 4854 4855 4856 4857 4858 4859 4860 4861 4862
	4863 4864 4866 4868 4869 4870 4871 4873 4874 4875 4876 4877 4878 4880 4881 4882 4883 4884 4885 4886 4887 4888 4890 4891 4892 4893 4894 4895 4896 4897
	4898 4899 4900 4901 4902 4903 4904 4905 4906 4907 4908 4909 4910 4911 4912 4913 4915 4916 4917 4918 4919 4920 4921 4922 4923 4924 4925 4926 4927 4928
	4929 4930 4931 4932 4933 4939
}

mild_monsoon = {
	# IPE New East Asia
	3260 672 3252 3241 3242 3245 3246 3199 3294 3295 3313 3335 3312 3332 3330 3326 3334 3329
	4829 3355 3353 3356 3347 3348 4827 3359 4830 4831 4832 4834 4836 3370 3371 3372 3373 3374 3375 3381
	3383 3361 3411 3410 3404 3405 3402 3401 3406 3399 3400 3443 3444 3423 3425 3430 3428 3018
	545 3111 3112 3116 3629 3132 6142 6230 6242 6243 6227 6340 6305 6300 6302 6297 6298 6299 6273 6274
	2268 6257 6301 6308 6309 6310 6311 6530 6527 6529 6523 6528 6522 6524 507 6531 6553 6555 6650 6651
	6652 6653 6654 6655 6658 3220 6659 6657 6685 6686 6687 6688 6689 6690 6691 6692 6693 6694 6712 6714
	3243 6733 6734 6735 6793 6795 6796 6855 6858 6864 6865 6866 6867 6868 6869 6870 572 574 3403 4828
	
	# IPE New Africa
	6148 4041 6179 6200 6201 6203 6246 6245 6258

	# IPE South America
	2881 2891 2892

	2026 4415 4416 # Tanjore
	4408 4407 2100 4409  # Lanka
	538 2085 4414 # Kongu
	539 540 1947 2027 4417  # South Carnatic
	2083 4418 4419 4420 # North Carnatic
	533 2031 4421 4422 4426 # Mysore
	541 1949 2090 4423 4424 # Rayalaseema
	532 2033 4428  # Raichur Doab
	542 2037 4436 6743 4439 # Golconda
	569 1948 2035 4435 # Maidan
	544 4432 4433 4437 # Ahmednegar
	515 521 2052 4454 4455 # Saurashtra	
	527 4434 4453 # Khandesh
	510 2065 4463 # Sirhind
	2075 2076 # Lahore
	518 2058 2087 4501 4462 # Mewar
	586 4399 # Lower Burma
	4394 4396 585 4395 # Central Burma
	2398 580 4393 2397 # Chindwin
	583 588 2400 4397 4406 # Shan Hills
	587 2401 4398 # Karenni
	600 603 2388 2389 # Central Thailand
	601 602 1817 589 # Northern Thailand
	617 2673 # Aceh
	609 2378 # Cambodia
	605 2376 # Mekong
	652 653 4354 # West Mindinao
	1025 1026 4131 4192 # Tohoku
	1014 1818 4182 4651 6731 # Kyushu
	1017 1019 1825 4184 # Sanyodo
	1845 # Pyongyan
	671 2174 # Hunan
	682 2172 4197 # Hubei
	686 2146 2147 # south Anhui
	685 1821 1822 2145 # South Jiangsu
	1113 1116 # Jolof
	1120 1121 1124 2248 # Manding
	2249 2250 # Massina
	1135 1136 1137 2265 2266 # Lower Volta
	1150 1154 2278 2293 # Zazzau
	1148 1149 2279 # Katsina
	1155 2280 2281 # Kano
	1142 2270 # Dendi
	1157 1160 2282 2283 2284 # Bornu
	1158 1159 2286 2287 2288 # Kanem
	1168 4080 # Kongolese Coast
	1098 1167 1171 1172  # Angola
	2948 4082 4084 # Matamba
	4083 4091 4092 4093 # Kasai
	4094 4095 4107 # Chokwe
	4099 4105 4109 # Luba
	4070 4071 # Buha
	4061 4063 # Buzinza
	4028 4030 # Antemoro
	1200 1202 1203 # Mombasa
	4034 4048 # Makuana
	4037 # Ruvuma
	4038 4039 4040 # Shire
	2906 2907 # Goias
	765 2894 2899 # Minas Gerais
	766 769 2896 # Sao Paolo
	768 2895 2897 # Guayra
	2902 # Guapore
	2893 2920 # Ofaies
	2928 # Grao Para
	749 2927 # Maranhao
	2857 2879 2884 # Rio Grande do Sol
	2730 2731 # Northern Australia
}

normal_monsoon = {
	# IPE New East Asia
	3279 4822 3270 4821 3268 3267 3293 3261 3262 3265 3263 3264 3250 3248 3247 3237 3238 3271
	3239 3240 3202 3203 3201 3204 3205 3206 3207 3208 3209 3210 3291 3266 3292 3244 3005 3004
	3006 3007 3297 3298 3299 3392 3398 3322 3328 3317 3311 3331 3320 3307 3318 3316 3319 3309
	3304 3302 3325 3303 3301 3300 3323 3336 3345 3338 3333 3310 3327 3321 3308 3306 3305 4840
	3340 3343 4824 4823 3344 3388 3357 3366 3337 3382 3391 3395 4402 4522 3407 3409 3013 4419
	3412 3445 3438 3483 3482 3439 3480 3440 3481 3454 3414 3413 3415 3442 3437 3447 3448 3417
	3479 3472 3475 3471 3474 3473 3484 3484 3416 3486 3419 3487 3488 3418 3489 3420 3422 3421
	3424 3426 3455 3457 3476 3015 3485 3032 3034 3035 3047 3048 3049 3036 3042 3057 3053 3054
	4801 3587 4794 3024 3023 3022 3589 3585 3071 3072 3073 3074 3075 3077 3078 3067 3068 3080
	3088 4837 3104 3107 3105 3108 3109 3110 3114 3115 3117 3118 3119 3122 3123 3627 3628 3629
	3130 3131 6135 6136 6137 6138 6139 6143 6178 6177 6176 6175 6172 6171 6173 6174 6525 6526
	6541 6542 6543 6544 6545 6546 6547 6548 6549 6550 6551 6552 6646 6647 6648 6649 6661 6662
	6663 6664 6665 6666 6667 6668 6669 6670 6671 6672 6673 6674 6675 6676 6677 6678 6679 6680
	6681 6682 6683 6684 6716 6717 6718 6719 6794 6797 6798 6802 6852 6853 6854 6856 6857 6859
	6860 6861 6862 6863 6871 6744 6751 6750 6749 6748 6747 6746 2044 3584 4800 639 6335 6336
	3027 3030 3031 3038

	# IPE New Africa
	6180 6169 6181 6182 6149 6210 6209 6213 6207 6208 1188 6212 6237 6232 6231 6233 6234 6235
	6244 4081 6236 4087 4097 6228 6229 6247 4099 4109 4105 6221 4050 6241 6240 6239 6238 6292
	6287 6282 6280 6281 6278 6279 6277 6276 6259 6260 6288 6283 6284 6294 6314 6304 6315 6293
	6316 6328 6327 6306 6303 6307 6312 6313 6289 6290 6291 6285 6286 6720 6721 6722

	534 535 537 4410 4413 6742 # Malabar
	543 549 2084 2080 4425 # Andhra
	1946 2034 4431 # Desh
	2028 4438 4444 # Telingana
	552 2038 2043 2049 4441 # Orissa
	560 2096 4450 6674 4470 4471 # Jharkhand
	516 2051 2054 4512 4457 # Ahmedabad
	2053 4456 4480 # Patan
	526 2056 2057 2093 4461 # Malwa
	519 520 2064 4500 # Jaipur
	525 528 740 4464 4465 # Gird
	558 4469 4472 4489 # Bihar
	2047 4484 4487 4488 # Mithila
	555 2055 2095 4490 # Purvanchal
	523 2094 4494 4495 4497 # Oudh
	524 556 2063 4496 # Lower Doab
	2061 4498 4499 # Katehar
	522 2060 2062 # Upper Doab
	4449 508 # Kashmir
	2099 # South Lanka
	582 2395 2396 4404 4405 # Kachin
	595 596 2392 # Malacca
	620 659 2675 2676 2677 # Riau
	4810 619 2674 # Batak
	2685 # Gayo
	604 1823 2379 # Cambodia
	2377 2380 # Mekong
	606 607 1022 2374 2375 # Champa
	4839 611 614 2382 # South Laos
	615 1844 2371 2381 # Noth Laos
	613 616 2372 # Song Hong
	610 1016 2373 # Tonkin
	638 2709 2710 2711 2712 # Kutai
	627 628 2691 2692 # East Java
	630 # West Java
	631 632 2693 # Lesser Sunda Isles
	643 644 2713 2714 # North Sulawesi
	633 635 2695 # Timor
	645 2696 2717 2725 # Molucca
	648 649 650 # Spice Islands
	654 2700 4351 4352 4353 # Visayas
	2701 2702 4355 # Mindinao
	651 655 4356 # Palawan
	657 658 2698 4348 # North Luzon
	656 2697 2699 4349 4350 # South Luzon
	1237 2719 2720 2721 2722 # Papua
	1012 1015 4180 4181 # Southern Kyushu
	1819 1820 4186 # Shikoku
	1029 1839 4188 4360 # Eastern Chubu
	1030 1835 4359 # Western Chubu
	1020 1021 1832 4187 # Kinai
	1018 1830 4183 4185  # Sanindo
	1023 1024 1837 # Hokuriku
	1028 1843 4189 # Western Kanto
	1027 4190 4191 # Easter Kanto
	733 735 4230 4231 # Western Korea
	734 736 2694 2745 4227 # Eastern Korea
	737 1013 2741 4228 4229 # Southern Korea
	667 668 2156 2157 2158 # Guangdong
	665 666 2159 2160 2161  # West Guangdong
	669 1829 2152 2153 # Fujian	
	670 683 1833 2151 # Jiangxi
	684 1824 2148 2149 2150 # Zhejiang
	738 2154 2155 # Taiwan
	2162 2164 # Guangxi
	2239 # Jolof
	1122 1125 2252 2253 # Kong
	1138 2254 2255 2256 2267 # Lower Volta
	1140 1143 2291 2292 2295 # Atacora Oueme
	1144 1145 1146 1152 1153 # Lower Niger
	1161 1162 1249 2285 # Adamawa Plateau
	1166 4078 4079 # Kongolese Coast
	798 1169 1170 1901 2949 # Kongo
	4085 4086 4088 # Lower Kasai
	4089 4090 4096 # Sankuru
	4098 4100 4101 4103 # Shaba
	4067 4068 4069 # Rwanda
	4062 4064 4066 # Uganda
	4065 4074 4075 # Bunyoro
	1193 1194 4022 4031 4032 # Sakalava
	1792 4023 4027 # Madagascan Highlands
	788 1195 4049 4020 # Mozambique
	1196 1197 1198 1199 1201 # Central Swahili Coast
	4045 # Ngonde
	1183 1186 1192 # Quelimane
	1184 2950 2951 2952 # Zimbabwe
	761 762 763 764 # Rio De Janeiro
	1126 1139 1141 2257 2258 # West African Coast
	2889 2930 2933 2934 # Amazon
	747 2935 2938 # Amapa
	748 2890 2929 # Grao Para
	2887 # Rio Grande Do Sol
	1103 1100 1101 1102 1248 1999 1998 # Indian Ocean islands
	2728 2729 # Top End
	1996 1995 1235 1993 1992 1994 1991 1236 # Pacific Ocean islands
}

severe_monsoon = {
	# IPE New East Asia
	3350 4825 4826 3379 3384 3394 3387 3389 3393 3385 3386 3390 3396 3369 3367 3376 3377 4835 3436 3470 3435 3477 3469 3478
	3453 3446 3449 3441 3522 3017 3014 4813 4812 3029 3028 4814 3025 4815 3033 3039 4817 3041 3044 3042 3043 3045 3046 2069
	3060 4805 3058 3051 3050 3052 3055 640 3062 3040 3582 3583 3586 3588 3076 3079 642 3070 4795 4798 4797 4845 3625
	3081 3082 3083 3084 3085 3086 3087 3099 3100 3095 3096 3097 3101 3102 3098 3103 3133 6140 6141 6554 6836 6753 6752
	4790 4791 4792 3021 3063 3064 2688

	# IPE Africa
	6334 6333 6321 6322 6320 6319 6318 6317 6323 6325 6326 6324 6329 6330 6332 6331 6271 6270 6269 6272 6268 6267 6265 6266
	6262 6263 6264 6261 6295

	531 2029 2030 2032 4427 # Kanara
	529 530 2089 4429 6741 # Konkan
	517 4430 # Tapti
	546 548 2050 4442 4443 # Berar
	550 551 2092 4458 4460 # Gondwana
	547 2048 4445 4446 4448 # Garjat
	553 2082 4447 4451 4452 # Upper Mahanadi
	564 2039 4474 4475 4478 # East Bengal
	561 2081 4476 4477 # West Bengal
	567 2091 4473 # Tripura
	563 4479  # Gaur
	562 2045 2046 4486 # North Bengal
	566 571 2040 2042 4440 # Assam
	570 573 2041 # Naga Hills
	2097 2098 4468 # Baghelkhand
	559 2059 4459 4466 4467 6905 # Bundelkhand
	509 511 4493 # Himalayan Hills
	4491 4492 554 # Baisi Rajya
	557 2070 2071 4483 4485 # Nepal	
	568 579 2402 # Rakhine
	590 1815 2403 # Lower Burma
	591 592 2404 2387 # North Tenasserim
	593 594 2390 2391 2394 # Tenasserim
	597 598 599 2393 2686 # Malaya
	621 622 623 2678 # Lampung
	2680 2681 2682 # Minangkabau
	634 2679 2683 2684 # Indonesian islands
	604 # Oudong
	4802 2706 2707 2708 # Kalimantan
	636 637 2703 2704 4804 # Brunei
	626 629 2689 4793 # Central Java
	624  2687 625 # West Java
	641 4796 2715 2716 # South Sulawesi
	646 647 # Ceram
	1245 2718 2723 2724 # Vogelkop
	1118 1119 2241 2242 # Gulf of Guinea
	1151 1163 1164 1165 # Guinea
	1097 1306 # Sao Tome
	1147 2289 2290 2294  # Benin
	1114 1117 2238 # Futa Jallon
	4021 4024 4025 # Betsimasaraka
	4026 4029 # Antemoro
	1950 4401 4400 1787 2740 1789 2251 # Wastelands
}

equator_y_on_province_image = 762